 (2054.51,0)
 (5.14198,-10.944)
 (-5.4887,2.09349)
 (-8.77469,-0.614594)
 (-2.1173,-21.5217)
 (28.8559,-2.40057)
 (-5.60936,-1.15376)
 (14.0923,12.4323)
 (-9.03539,-16.7895)
 (3.97158,10.1853)
 (-1.31429,23.4952)
 (-29.0778,-5.1879)
 (-3.714,2.50517)
 (1.33305,-8.81432)
 (-16.7382,0.350348)
 (-19.3593,-5.74159)
 (-20.6461,2.55245)
 (16.2852,2.85226)
 (2.67635,3.47928)
 (-0.108337,-10.8018)
 (13.1121,-2.30305)
 (1.15258,10.3723)
 (10.3561,-13.075)
 (-24.8157,23.9874)
 (-9.59887,6.5157)
 (-0.632053,14.2946)
 (-16.6408,18.6914)
 (-4.70007,-11.6926)
 (12.4756,-8.01842)
 (22.9058,11.2531)
 (9.41954,0.79642)
 (-7.73455,5.38861)
 (4.68921,22.6451)
 (-4.20773,26.3096)
 (-6.68439,-16.283)
 (4.70289,-3.13448)
 (-4.57585,-11.914)
 (-23.6449,-14.1499)
 (3.76546,-5.60759)
 (10.3851,-3.29826)
 (-11.8069,-3.64674)
 (15.0923,12.2805)
 (-0.116302,-26.7393)
 (-2.62129,-1.37687)
 (-2.32147,10.9016)
 (26.4753,-19.8856)
 (-3.55959,5.37719)
 (-3.07489,0.66925)
 (1.61482,8.21841)
 (-11.1059,12.4458)
 (2.27952,-9.78992)
 (-26.5173,30.907)
 (-22.2637,12.1621)
 (-0.801985,-7.68293)
 (-11.764,-15.9925)
 (-0.756678,10.5446)
 (16.5891,-9.65513)
 (1.41523,10.0158)
 (-33.1993,14.1051)
 (4.19446,-16.977)
 (-3.63715,-13.7199)
 (-9.38258,-4.39457)
 (8.99074,0.788611)
 (15.1488,-0.144906)
 (10.2364,-16.2157)
 (11.8435,-8.31852)
 (-2.10422,-1.64666)
 (25.3082,-4.40184)
 (-25.5782,-22.4816)
 (2.36458,-3.00619)
 (24.5308,10.9643)
 (14.3912,34.769)
 (-4.87836,-9.79623)
 (10.6736,-9.35316)
 (-3.71677,23.8264)
 (24.8337,-1.24522)
 (1.25854,1.01798)
 (14.7103,13.6569)
 (-16.0718,1.50401)
 (-23.1069,-18.3827)
 (-19.8366,18.1145)
 (-9.29785,-3.49594)
 (4.91462,14.2257)
 (11.0198,5.86804)
 (-16.8255,-3.8238)
 (-3.94732,-15.2841)
 (-8.99635,-16.5821)
 (-6.13989,-7.45804)
 (-17.8921,-6.08433)
 (13.4488,-1.97643)
 (-1.29447,-21.7624)
 (-22.9834,-3.48146)
 (21.3973,1.07407)
 (32.0052,-5.47444)
 (-8.60888,11.233)
 (-19.0757,11.4743)
 (14.0237,15.5266)
 (-0.732436,-5.18867)
 (12.5682,7.8218)
 (-1.39852,-2.09178)
 (17.2538,-11.2103)
 (-22.042,-7.1529)
 (-12.1871,-11.4285)
 (-14.8,-16.8535)
 (-5.02258,-26.5322)
 (2.06297,10.4501)
 (-7.94386,-6.13223)
 (13.9655,-12.3717)
 (-9.72549,-13.8174)
 (3.39771,-3.30814)
 (-4.42045,-2.85268)
 (-4.13292,7.48615)
 (-27.6063,16.1432)
 (-4.66368,4.88704)
 (-8.49126,2.88514)
 (14.2287,3.79029)
 (-1.8908,12.9492)
 (15.7411,23.7299)
 (-12.5308,11.2966)
 (-10.3796,7.50679)
 (-14.5447,-25.2096)
 (9.55614,-12.3839)
 (-19.7854,13.5143)
 (4.37233,17.852)
 (-2.77546,17.9845)
 (-2.24707,8.36817)
 (-2.61353,-13.0941)
 (-11.2094,-0.612833)
 (2.45757,19.5672)
 (-20.9016,13.6239)
 (19.1509,13.1104)
 (14.1381,-11.7621)
 (14.4836,2.72537)
 (15.6951,-25.6902)
 (-24.7966,12.3738)
 (-4.16861,-3.81723)
 (-1.31091,-9.25623)
 (-9.80915,0.905843)
 (-21.6699,-5.09788)
 (8.55329,10.5376)
 (12.577,8.25372)
 (8.82934,-13.4721)
 (10.4258,1.95791)
 (3.45602,23.7113)
 (9.46683,3.26815)
 (-11.0851,6.93782)
 (-30.2209,-13.8868)
 (-34.3836,-11.306)
 (-7.8468,6.89916)
 (-32.4896,14.79)
 (-25.0676,-2.26273)
 (-5.83485,-4.43886)
 (-2.19291,8.91763)
 (-1.76268,-3.64223)
 (-10.6084,-2.36846)
 (-5.42941,22.4272)
 (0.45096,-12.6494)
 (4.4763,-18.9879)
 (17.0009,2.94078)
 (-1.89208,-13.3517)
 (-1.83501,6.12608)
 (2.05825,22.2076)
 (5.91735,9.37866)
 (-0.211129,7.13993)
 (8.81932,4.91097)
 (-14.0406,-9.78494)
 (1.17614,13.6847)
 (3.56487,3.09884)
 (1.33469,-11.4035)
 (20.0513,-6.83243)
 (0.695635,14.3792)
 (6.27272,10.0149)
 (27.7753,0.0470047)
 (-4.48443,11.7787)
 (-9.68821,27.0497)
 (-2.60395,-8.93691)
 (9.69171,-0.164219)
 (21.7872,19.0228)
 (8.62059,-4.15288)
 (2.48322,9.43573)
 (5.3082,-11.7845)
 (15.0425,0.412394)
 (-6.15171,7.36351)
 (-5.5368,-5.44051)
 (-16.9239,-15.8683)
 (-20.9963,-0.0508976)
 (-7.34955,-19.8137)
 (5.5773,-9.9792)
 (6.93984,-10.4765)
 (1.09635,-8.75479)
 (8.03819,-8.65518)
 (11.1827,17.6687)
 (20.7299,14.3961)
 (-9.37432,6.38854)
 (12.2354,1.04588)
 (-18.0567,-15.2985)
 (14.2037,1.22367)
 (15.8672,9.85453)
 (3.86068,3.84318)
 (12.4647,9.69318)
 (27.9366,-29.6485)
 (-1.38388,2.73896)
 (4.13372,0.632365)
 (-29.7821,-23.9045)
 (-8.01893,3.51015)
 (-3.72407,-8.59315)
 (1.01071,11.3218)
 (-4.77583,-2.862)
 (6.12713,-14.1617)
 (-11.1014,-26.3761)
 (-10.861,23.7416)
 (1.50382,10.4522)
 (19.1333,5.69758)
 (19.6282,1.35903)
 (2.79353,-7.3905)
 (13.1836,6.07843)
 (-7.46333,-13.0206)
 (-4.2923,13.3876)
 (-27.9693,11.8561)
 (-1.79406,-14.4441)
 (-12.4967,27.0657)
 (25.2454,4.51171)
 (6.58063,-13.446)
 (10.267,-15.3563)
 (-1.48548,-5.04037)
 (4.03216,-1.09036)
 (-8.92074,3.59481)
 (0.989659,-8.85038)
 (-16.3535,-4.11514)
 (5.14341,-28.6809)
 (-6.46802,3.63209)
 (-13.1443,14.7761)
 (21.7921,1.1191)
 (-1.53138,-15.8768)
 (-7.47896,5.61508)
 (5.15677,-5.11058)
 (14.0628,7.30305)
 (-2.16763,-19.0434)
 (-14.3045,0.807811)
 (-16.2783,2.94342)
 (23.925,3.36065)
 (-4.909,-6.32571)
 (4.5052,-29.6081)
 (0.358837,-6.49775)
 (4.96529,6.67791)
 (12.2771,7.16767)
 (1.63936,-16.1229)
 (9.95729,43.9105)
 (-10.9968,25.7054)
 (17.9598,-5.21769)
 (10.4458,26.6829)
 (-12.4513,1.4584)
 (7.29949,10.629)
 (-0.925396,10.6876)
 (4.51932,1.67635)
 (-7.53083,-5.02786)
 (6.31177,13.0248)
 (17.0019,-3.83188)
 (13.8917,-7.02764)
 (11.0743,-10.6577)
 (-18.3972,-9.23381)
 (13.2538,3.14868)
 (31.1666,3.19929)
 (9.28804,12.197)
 (-18.8045,-5.73384)
 (17.1963,11.9465)
 (7.69663,-7.79252)
 (-11.0413,0.142821)
 (-3.53747,-3.98113)
 (-11.3471,-3.62307)
 (-10.7217,24.2541)
 (-12.245,12.7376)
 (0.844667,14.433)
 (-8.58031,5.80416)
 (5.29893,12.6443)
 (11.1931,-8.40633)
 (14.3948,-9.08852)
 (-13.2263,3.04875)
 (-5.98078,-1.91546)
 (-3.14282,12.7917)
 (3.10163,20.1957)
 (-9.06031,9.88085)
 (-16.2614,16.2987)
 (3.95306,1.48122)
 (-9.00609,-7.96837)
 (-8.93783,-7.03467)
 (-25.5661,4.81367)
 (-7.99861,17.8043)
 (7.43109,15.9558)
 (-14.3674,-15.8661)
 (-9.09827,-37.5437)
 (-8.00275,9.32857)
 (3.97717,5.94854)
 (15.2736,8.20947)
 (24.7724,18.4485)
 (-16.5016,-14.5891)
 (8.72745,9.24102)
 (-17.8108,11.6751)
 (5.70887,-2.75411)
 (7.18574,-2.0995)
 (0.571812,1.54894)
 (11.0267,5.95738)
 (-1.41761,-24.9473)
 (6.05458,2.89794)
 (-27.9403,-10.7943)
 (-17.3844,6.71771)
 (0.0142117,-19.0976)
 (-8.67716,-1.87211)
 (-13.06,18.638)
 (1.00406,19.9586)
 (-5.20003,-34.1993)
 (18.0342,9.55169)
 (7.50845,-6.96057)
 (20.6768,10.5331)
 (3.70515,32.5481)
 (10.3005,-16.2177)
 (-8.91187,-10.7016)
 (4.85641,11.4763)
 (10.4328,-1.85055)
 (12.2065,8.52627)
 (11.6291,1.14385)
 (11.6777,-5.41914)
 (13.322,-2.28235)
 (-0.361395,5.13026)
 (15.8049,17.6693)
 (-16.5898,-10.6598)
 (-9.39284,1.04316)
 (-4.23543,23.7467)
 (-3.0454,6.58593)
 (-10.3591,-3.54052)
 (-5.15842,-8.47338)
 (-24.3429,3.26898)
 (-6.66518,6.50647)
 (-20.0676,-10.0434)
 (2.74414,-19.154)
 (-10.9855,2.97256)
 (1.83312,1.91022)
 (-8.14869,7.63617)
 (3.43014,2.82318)
 (-5.33675,-3.01115)
 (14.0013,20.6345)
 (9.4268,-2.5351)
 (19.4406,-19.5213)
 (3.05929,14.2013)
 (24.8547,-10.0311)
 (-19.2677,-4.66536)
 (-12.5393,7.77057)
 (-24.7628,-6.15069)
 (3.33343,4.10535)
 (16.9165,-17.3571)
 (-7.8178,-16.2893)
 (5.57449,6.45139)
 (-12.2212,-2.52806)
 (22.0889,9.57592)
 (-12.0863,-22.9742)
 (34.5003,-27.7036)
 (-0.93045,-16.3986)
 (-3.0045,1.62086)
 (-24.9736,16.7743)
 (5.1269,15.1005)
 (-35.4583,-11.3486)
 (0.486024,-13.8469)
 (5.35698,-12.1381)
 (-4.48923,20.209)
 (-7.18576,33.8347)
 (-2.65472,8.35083)
 (24.0319,-4.98848)
 (-12.7874,13.6684)
 (-5.18018,-17.2163)
 (22.1724,4.70218)
 (15.0304,-15.3597)
 (-4.63732,4.636)
 (-14.5323,21.8293)
 (14.6195,11.3028)
 (3.94868,17.8605)
 (-11.9505,1.24685)
 (19.9571,9.32436)
 (19.1758,3.14633)
 (3.70082,-10.6145)
 (8.47389,6.02101)
 (3.59209,2.37885)
 (-18.6554,16)
 (-7.56181,-0.628512)
 (1.40527,8.34457)
 (-8.8856,-5.62632)
 (13.8627,14.7744)
 (-3.18336,-16.747)
 (-8.91699,-12.0927)
 (6.01325,5.42196)
 (-15.4031,-9.40413)
 (3.35807,-6.44697)
 (21.5848,3.29293)
 (25.1451,24.8112)
 (-3.19775,30.5423)
 (22.2185,2.4404)
 (-5.98981,17.0441)
 (8.42004,4.03446)
 (11.696,-12.3516)
 (-1.93426,13.5528)
 (1.09233,-0.409707)
 (14.7181,5.06716)
 (22.8592,-3.30413)
 (9.18818,-18.0345)
 (-12.9092,-7.55705)
 (1.15218,1.17469)
 (-18.4972,3.80849)
 (-9.91177,-4.98567)
 (12.943,-15.7963)
 (-10.5446,1.68793)
 (20.7937,13.8025)
 (1.68306,-3.27527)
 (-11.8464,-7.93246)
 (-10.9361,0.659185)
 (-2.96874,16.4773)
 (19.9347,0.571841)
 (15.714,2.49273)
 (-17.0426,-11.7982)
 (1.15763,-10.4922)
 (4.8194,11.2974)
 (-10.5633,4.09882)
 (14.7607,15.2679)
 (-7.94676,-8.34721)
 (-4.85373,28.4611)
 (2.95871,-12.1205)
 (2.25916,11.7127)
 (-0.272175,14.2518)
 (-7.49145,3.26627)
 (4.91797,6.09923)
 (-17.245,-6.17124)
 (9.63833,5.11142)
 (10.2991,-16.2355)
 (2.66378,3.52874)
 (-5.82342,-8.09535)
 (-3.84962,-16.1919)
 (-11.2831,-6.19054)
 (4.66239,17.735)
 (-11.4844,-2.51985)
 (17.625,8.25805)
 (-17.542,14.5952)
 (10.8266,20.064)
 (4.58333,9.07253)
 (-23.856,4.37547)
 (8.87,-13.1188)
 (14.5968,12.826)
 (-9.21735,7.58662)
 (-11.0269,-4.70342)
 (-1.1306,0.695971)
 (4.41072,5.68873)
 (-15.8429,-11.9466)
 (21.6424,-2.63428)
 (4.73936,9.1687)
 (20.9095,7.38147)
 (-20.1545,7.37437)
 (15.7313,19.3081)
 (17.5294,-6.31005)
 (-3.33432,28.0061)
 (-26.2638,5.06946)
 (10.8515,-3.92303)
 (6.35362,12.6438)
 (21.903,-0.547597)
 (13.1359,7.5769)
 (-27.1943,19.2014)
 (-12.7807,0.340011)
 (28.6074,-0.687089)
 (12.3639,-15.1644)
 (-14.3667,-0.63012)
 (-2.86614,-20.4821)
 (-28.7612,12.2639)
 (16.9908,14.7597)
 (1.203,-1.97004)
 (-5.05877,-9.59835)
 (2.42679,-15.3706)
 (-25.0879,7.2949)
 (9.82494,-8.69703)
 (14.1248,0.78586)
 (11.3593,6.68995)
 (4.07912,-2.85216)
 (4.78035,-14.1505)
 (-0.912003,0.993228)
 (8.42075,-5.79597)
 (15.9591,-13.8036)
 (3.26427,-9.10733)
 (-0.0404549,14.182)
 (11.7598,-10.7751)
 (-14.957,0.4373)
 (13.7663,-17.7344)
 (6.60385,17.3246)
 (5.48515,-10.7895)
 (3.63294,-3.55464)
 (6.65784,-2.65176)
 (9.64088,0.182862)
 (-4.70022,20.7773)
 (-14.169,13.9821)
 (36.3976,10.7266)
 (3.48824,7.42937)
 (0.23666,17.2698)
 (-9.4779,-4.80879)
 (-10.9197,-15.5484)
 (7.76233,9.57986)
 (9.53377,-10.3089)
 (25.3692,-12.1439)
 (-0.337773,-24.0798)
 (-14.3898,27.3376)
 (18.774,9.28399)
 (1.67533,-6.59249)
 (-6.65888,-1.6437)
 (-0.790353,-12.2792)
 (12.0788,-13.873)
 (-8.16226,-2.44576)
 (14.5136,-6.55886)
 (3.86373,-23.508)
 (-4.19671,-22.8827)
 (-11.8578,-10.6414)
 (3.08533,-6.19183)
 (-11.496,24.6318)
 (21.3688,-0.743744)
 (-11.5049,-0.385081)
 (-1.63479,8.8885)
 (-10.3025,-9.13525)
 (-11.2577,4.69251)
 (33.6898,-7.61522)
 (-20.6028,-5.27936)
 (1.04026,-3.24767)
 (11.7618,-15.6374)
 (-2.68596,-17.6885)
 (-7.44656,19.0942)
 (-8.71877,-2.7882)
 (-4.65564,-20.9423)
 (2.07019,22.9899)
 (-6.15543,9.02076)
 (-14.2857,24.7185)
 (-4.30994,-0.536453)
 (14.9806,2.25485)
 (2.17893,-6.57638)
 (17.2115,6.27703)
 (13.6141,19.3416)
 (-22.7922,3.43505)
 (-21.1469,3.15434)
 (-17.0781,-25.7438)
 (20.7677,4.81659)
 (-7.03342,-21.4818)
 (7.12409,-19.5636)
 (8.68222,4.41698)
 (8.62018,2.14089)
 (20.358,-20.477)
 (8.9232,-27.9944)
 (-18.1351,-18.9704)
 (0.33965,4.29112)
 (-0.311981,-4.62385)
 (-12.9724,-14.5676)
 (2.13186,-14.8634)
 (-15.1512,-12.1056)
 (-4.18691,9.05021)
 (9.33152,-5.15452)
 (2.91547,-13.7233)
 (-4.2283,15.2266)
 (12.1684,-4.10687)
 (5.35994,-28.1844)
 (11.7936,1.99759)
 (-17.5404,9.4142)
 (-3.90229,-10.3473)
 (24.1134,30.0584)
 (2.4437,21.8307)
 (5.70179,-7.67556)
 (15.0327,2.21263)
 (31.8499,17.3853)
 (11.9438,-24.8344)
 (32.2522,0.0822611)
 (24.8058,14.5642)
 (-0.0692387,0.133845)
 (-8.99271,10.4987)
 (-4.60783,18.1363)
 (-1.5247,-0.567838)
 (2.38689,12.1749)
 (-8.70206,-6.91056)
 (-7.03671,8.39927)
 (-8.52111,-7.79437)
 (4.35696,-4.24981)
 (14.53,-24.3645)
 (-16.189,12.6085)
 (-9.71964,6.26401)
 (-1.70398,17.2654)
 (-6.67074,19.1068)
 (11.1197,4.77762)
 (-10.6404,2.65663)
 (0.912315,15.4684)
 (28.9273,16.959)
 (15.8297,-14.1818)
 (-17.5985,2.64179)
 (3.70534,-5.91522)
 (-0.950453,7.22163)
 (-21.2284,-9.15633)
 (-18.0055,-11.8504)
 (20.1463,-32.5231)
 (-7.02878,3.79018)
 (2.09963,-2.6311)
 (-15.805,9.0361)
 (14.452,-3.69411)
 (-6.8838,-5.55134)
 (19.5773,0.0874853)
 (-8.2057,6.41475)
 (2.03592,16.9422)
 (-12.1284,-8.39532)
 (-21.8129,7.24881)
 (13.0262,17.9865)
 (6.30083,3.55159)
 (4.68677,5.62791)
 (5.12543,-13.6969)
 (19.0055,7.92895)
 (-19.9066,3.22546)
 (2.01387,8.22749)
 (6.05616,14.2747)
 (17.8354,14.4139)
 (1.85632,4.61491)
 (9.4376,-14.5625)
 (-14.0662,10.2992)
 (13.3871,-4.59268)
 (-0.0978251,-1.04136)
 (-6.30127,0.147243)
 (-11.6303,4.4797)
 (-5.279,3.7768)
 (9.59753,-31.9124)
 (-24.8671,9.79053)
 (6.41222,11.2219)
 (12.8619,-14.6437)
 (2.34699,-9.62801)
 (-5.31748,5.64991)
 (-7.81121,12.9472)
 (-5.41302,-17.0066)
 (-11.8509,4.59884)
 (-11.3713,9.05616)
 (0.598791,-6.54248)
 (-8.42249,-1.85933)
 (-9.50432,11.1857)
 (-12.7326,5.54173)
 (-4.54547,-38.1423)
 (-20.2687,23.9358)
 (-18.4628,5.91375)
 (-22.0868,-12.4582)
 (25.5344,9.85885)
 (17.5499,-1.14345)
 (-5.3308,-9.49895)
 (-0.219322,-5.86851)
 (-9.55901,8.60756)
 (0.91812,-6.99274)
 (-9.80846,-0.35107)
 (-24.767,-15.4936)
 (-19.4327,1.74545)
 (17.5868,-14.0706)
 (9.81099,12.7496)
 (20.4695,21.3295)
 (2.51343,-28.0758)
 (0.562856,-19.8816)
 (14.0117,12.616)
 (5.37779,28.9769)
 (10.0771,4.11063)
 (-32.2801,-6.47373)
 (0.888325,-3.47843)
 (3.11472,13.6682)
 (-2.18349,8.19406)
 (31.4302,-8.19326)
 (13.7979,-29.7756)
 (7.534,-8.01518)
 (-14.8421,11.0536)
 (-11.3955,7.97675)
 (12.0346,18.8201)
 (5.72289,12.0332)
 (12.5649,-22.8615)
 (-21.4485,-4.46674)
 (12.622,-18.488)
 (-18.3401,21.5067)
 (-4.35472,-15.9242)
 (0.347335,-19.2519)
 (7.90537,12.1848)
 (-17.8357,12.8764)
 (7.70751,-9.4622)
 (9.261,17.0452)
 (5.54944,-13.4772)
 (8.63529,-6.12966)
 (3.5662,2.96263)
 (1.56011,23.1157)
 (12.7192,29.8696)
 (-16.7974,6.7588)
 (11.4703,1.72705)
 (35.4596,5.85815)
 (1.09068,5.13087)
 (-14.2177,1.8935)
 (24.7442,-4.21458)
 (-9.8651,-2.53436)
 (2.12469,8.95002)
 (13.228,4.54468)
 (-16.0059,4.95215)
 (-10.4298,9.26213)
 (13.5679,-1.56074)
 (-22.1524,-2.2014)
 (5.09966,6.10885)
 (-2.45309,-15.8533)
 (-9.90641,-6.5168)
 (-8.59794,3.23336)
 (8.03363,-11.3555)
 (-2.63149,14.8101)
 (7.873,12.4594)
 (13.9902,-6.94902)
 (14.9626,-7.0145)
 (-5.08688,1.62127)
 (-3.70052,-4.2745)
 (3.31677,-9.28118)
 (25.7661,-0.911766)
 (-42.4427,-20.1549)
 (3.44508,13.8084)
 (-20.2645,2.98624)
 (-6.52781,19.2765)
 (17.9854,0.762657)
 (-3.35947,4.2953)
 (2.01436,12.707)
 (11.8969,-2.01075)
 (7.86203,-8.06568)
 (2.88694,24.9328)
 (-21.6534,-13.098)
 (-3.60363,12.2456)
 (-26.1604,-17.651)
 (-19.5317,-1.43299)
 (3.48037,26.9127)
 (-1.23741,-15.243)
 (-11.6369,3.58894)
 (-3.9445,0.20755)
 (18.7774,-18.9556)
 (-6.74997,0.331608)
 (7.41859,-8.01003)
 (-2.2561,-14.5035)
 (13.8643,-15.4832)
 (-25.844,-3.8247)
 (4.40983,27.7829)
 (14.6849,-6.33681)
 (4.20139,4.58022)
 (0.727783,3.79743)
 (-17.6983,-18.9498)
 (-6.81382,-10.3407)
 (3.98765,1.15332)
 (13.7241,-12.8079)
 (-3.34261,-10.4645)
 (11.1059,-20.8791)
 (-7.51419,1.33823)
 (20.6585,9.04244)
 (-8.89367,-20.649)
 (16.5696,-0.636929)
 (-9.15816,4.10392)
 (-1.2369,-14.7016)
 (14.6379,-1.17075)
 (-2.84834,32.006)
 (-15.0964,17.1286)
 (-12.2918,-20.3409)
 (-32.6246,-6.36543)
 (-11.5481,-15.9655)
 (0.270357,-14.7737)
 (-12.5945,5.46066)
 (-9.73684,-24.3301)
 (-2.42205,6.23128)
 (30.3106,1.69597)
 (-11.7083,21.1082)
 (27.4173,-0.589543)
 (-3.73949,1.26021)
 (-18.4952,-11.4912)
 (-0.92534,25.7373)
 (-10.1295,-2.69781)
 (-7.1463,-14.2399)
 (2.78747,4.7357)
 (2.00627,6.19753)
 (2.28254,-9.02957)
 (9.73755,22.101)
 (5.61798,-23.2187)
 (1.61541,10.2132)
 (-0.907547,3.39329)
 (-2.20599,-9.05075)
 (-7.19869,-17.7505)
 (-33.6498,-9.13383)
 (1.32639,-8.44446)
 (17.6669,20.1497)
 (-11.6238,25.0891)
 (1.29248,18.308)
 (-4.30921,1.65073)
 (14.3364,14.8055)
 (12.2859,-10.2006)
 (-0.673862,-4.00781)
 (-4.71185,-5.2026)
 (13.4493,-4.76583)
 (13.794,14.2415)
 (-10.6418,-18.0772)
 (16.5608,10.2451)
 (5.19333,3.51217)
 (1.42886,17.7454)
 (-0.336857,-9.92695)
 (-1.99007,2.29045)
 (23.5437,5.808)
 (-15.7078,1.74954)
 (3.81057,6.88334)
 (-10.893,5.14659)
 (35.6771,9.61234)
 (5.78304,-14.3924)
 (9.04344,-21.3341)
 (8.7036,17.3035)
 (25.6502,13.0076)
 (-8.04968,-19.1396)
 (-1.47851,4.61059)
 (-0.867552,2.50914)
 (-16.8032,-14.7179)
 (20.9102,-5.08488)
 (-16.6563,9.20729)
 (-18.929,4.45168)
 (5.20053,12.7036)
 (17.6735,-8.70099)
 (22.2623,-9.60954)
 (-14.9428,-27.3941)
 (17.1007,26.5084)
 (-0.470294,8.44139)
 (-6.45686,6.47764)
 (3.01791,-6.70364)
 (-11.9004,1.68071)
 (11.2484,2.53822)
 (-3.40646,14.3219)
 (5.73045,10.8627)
 (-0.249149,-16.044)
 (-0.981101,8.18693)
 (-17.8915,3.91333)
 (4.07385,-4.18603)
 (11.1151,8.53419)
 (-21.1514,5.08213)
 (6.84052,-13.6833)
 (18.5548,25.5212)
 (-8.41049,-2.16471)
 (30.5663,-15.4103)
 (3.47854,-5.10818)
 (8.14337,-14.2558)
 (-11.5757,3.0867)
 (2.59896,-10.6509)
 (21.9819,13.8514)
 (8.40898,5.62818)
 (-11.9537,-4.60798)
 (-7.56727,0.268101)
 (11.2674,9.60279)
 (9.00562,15.6849)
 (8.23458,12.8012)
 (17.0645,19.882)
 (2.07549,24.5281)
 (8.73149,-19.1918)
 (12.8104,-15.877)
 (13.287,23.5774)
 (10.9357,4.22225)
 (15.7153,-3.81257)
 (-22.4543,4.71887)
 (-10.1048,-26.3333)
 (13.7399,-25.7108)
 (4.72943,16.9103)
 (14.6554,-4.5597)
 (-7.00746,16.9812)
 (3.62084,-3.19892)
 (6.37687,-10.3892)
 (3.08099,1.49438)
 (7.38886,17.6982)
 (17.6028,-6.75069)
 (-11.3612,-6.58691)
 (22.0193,2.43673)
 (34.1806,5.02199)
 (-1.49837,4.97373)
 (-10.7623,27.7222)
 (-2.05596,16.1119)
 (2.04901,-8.23468)
 (2.72985,0.393023)
 (1.23217,-12.1777)
 (17.4718,2.1507)
 (-7.81722,1.52686)
 (-29.3871,-3.17169)
 (1.01688,-18.6594)
 (-7.39931,-6.4758)
 (9.5891,-1.63384)
 (11.8079,-12.4194)
 (21.8133,-8.06313)
 (11.4716,2.60826)
 (9.85235,7.35069)
 (10.3073,8.53592)
 (-26.376,-7.74417)
 (28.0891,-27.4214)
 (1.59662,-17.8884)
 (-2.75936,8.77638)
 (2.35165,-13.6746)
 (-19.9417,-7.89233)
 (-21.1813,3.4042)
 (-18.9999,-8.17688)
 (15.9669,-12.2714)
 (-15.8019,-12.1188)
 (4.29243,-3.03506)
 (9.3895,4.19471)
 (5.49021,-26.2412)
 (-8.85932,6.48785)
 (18.0532,-27.0127)
 (35.5561,14.3031)
 (-2.12064,-4.68396)
 (21.5264,-2.54757)
 (-3.8469,-1.0441)
 (12.5935,1.41109)
 (-1.04808,-4.03187)
 (5.06841,13.7353)
 (-5.49486,-15.5147)
 (6.1576,-1.7057)
 (-0.408368,4.81512)
 (14.6085,9.63109)
 (9.77223,0.130537)
 (9.32022,15.8536)
 (6.78959,-19.7809)
 (-43.8257,-5.64325)
 (-3.21707,8.90724)
 (2.95977,1.41878)
 (-14.6843,-17.1545)
 (21.3397,-21.6017)
 (17.8809,-16.1589)
 (12.1543,-12.8129)
 (3.20749,13.4411)
 (-22.1452,-10.1605)
 (-18.4478,-13.116)
 (-5.49745,-4.93256)
 (-24.2252,-2.07206)
 (3.41108,3.04051)
 (-15.3355,-27.1865)
 (1.70732,2.27755)
 (-11.2688,-11.5371)
 (5.26693,32.5289)
 (4.3463,16.4336)
 (-10.7747,12.8829)
 (2.35533,-24.8843)
 (18.0399,-36.1056)
 (14.5401,-4.5049)
 (5.52778,-15.0096)
 (17.7449,2.10379)
 (-4.06512,-5.95762)
 (19.6603,12.5856)
 (-7.45615,-19.7107)
 (-18.6302,-1.0349)
 (-14.4504,-5.11297)
 (-2.13548,10.93)
 (7.28131,15.341)
 (10.5619,13.2889)
 (-5.63122,-4.41856)
 (-11.6604,36.8071)
 (1.37286,-3.5323)
 (-7.55868,-8.6798)
 (10.7643,23.127)
 (-4.06056,10.2262)
 (-3.0409,-5.7528)
 (0.0798049,28.3053)
 (2.90987,-21.7505)
 (1.81466,5.41178)
 (18.4506,-2.55171)
 (-2.70057,9.94709)
 (0.593074,-10.2291)
 (-5.57355,6.19125)
 (-6.06821,-20.5291)
 (6.60928,11.2965)
 (17.6913,5.708)
 (15.0141,-23.3333)
 (-5.48703,-2.88816)
 (-2.03196,11.3749)
 (-5.20017,-10.6284)
 (3.21171,-20.4001)
 (20.7948,-14.756)
 (1.92915,-2.71385)
 (-13.3653,-6.01515)
 (4.52824,-22.8668)
 (-9.56491,3.6065)
 (-33.5029,-9.33047)
 (2.14872,1.62933)
 (13.4618,-10.4724)
 (-16.9464,-19.3831)
 (-0.687979,26.5851)
 (-1.10173,13.3668)
 (-14.8545,1.76391)
 (-2.62255,4.44035)
 (-4.46411,1.233)
 (14.7127,9.76619)
 (-10.4029,3.7525)
 (-3.05089,-24.4821)
 (-1.48135,-7.98666)
 (-22.0085,-1.99662)
 (8.30927,6.78269)
 (-26.1114,-10.857)
 (9.34183,21.0405)
 (2.68329,3.35879)
 (-10.5418,-4.28501)
 (18.7508,18.2422)
 (-10.2013,-16.0853)
 (18.0281,5.15865)
 (-7.71619,-17.758)
 (4.4051,-16.1798)
 (14.1047,12.4271)
 (-14.8421,-12.2141)
 (24.0004,-7.24686)
 (-2.88526,-4.28411)
 (24.5762,12.8145)
 (1.05299,-4.28899)
 (-2.9132,1.00771)
 (1.00334,6.50034)
 (-25.3558,-3.89459)
 (-1.15881,-10.2732)
 (36.756,14.8329)
 (6.5664,-0.498066)
 (-6.63641,-5.29262)
 (19.6017,-15.5081)
 (-14.242,8.97466)
 (-10.069,4.19324)
 (-5.90697,-12.0933)
 (-10.7296,3.69533)
 (19.8163,-7.23003)
 (-0.520182,12.8157)
 (8.63517,-0.236377)
 (10.7553,-11.1827)
 (13.2362,-14.5112)
 (10.2471,-36.806)
 (26.1845,-22.8959)
 (-3.47548,27.9941)
 (17.5449,19.6161)
 (-1.5953,-5.64279)
 (-4.04011,-9.97225)
 (14.082,-11.9597)
 (5.73221,5.64204)
 (-19.9629,-3.9623)
 (10.8716,12.7167)
 (-16.2426,11.9818)
 (-5.15034,32.3517)
 (10.842,30.8458)
 (-20.9789,3.59981)
 (8.91701,5.06944)
 (-14.3514,1.94024)
 (2.91128,7.86706)
 (-23.1345,21.2135)
 (-5.92379,3.70982)
 (-5.39726,20.6377)
 (-9.15841,-3.45966)
 (27.0749,-7.48893)
 (-22.4641,-2.91445)
 (24.8846,-3.36398)
 (-0.357435,12.1641)
 (10.9158,11.268)
 (-18.4467,-1.79861)
 (18.0544,-14.4358)
 (-9.12642,-6.93873)
 (-16.7528,7.50775)
 (-23.8701,3.52232)
 (0.490511,2.04821)
 (-2.07164,1.17837)
 (15.8754,5.12206)
 (16.9833,1.46631)
 (-1.09827,-12.4785)
 (18.8617,14.2165)
 (-0.33241,15.1673)
 (1.25624,-23.0953)
 (10.4766,1.34884)
 (8.38257,11.2352)
 (13.8872,2.26117)
 (-31.6562,2.26938)
 (-5.83036,-7.53325)
 (-13.5147,1.81598)
 (0.254614,34.2367)
 (-12.7705,0.516307)
 (5.09492,-10.589)
 (3.13328,13.9229)
 (1.2413,-2.20517)
 (-3.40249,-5.24086)
 (5.44053,-3.07393)
 (-5.75425,0.665428)
 (5.08796,-15.6548)
 (-15.2501,-3.72399)
 (-15.9826,0.153403)
 (12.08,-2.84011)
 (-16.4504,-21.0992)
 (19.0719,-12.712)
 (-1.68011,0.470427)
 (-26.3341,-7.9482)
 (5.64887,4.94025)
 (10.1081,3.04153)
 (-11.9576,19.1727)
 (9.01361,-7.06271)
 (5.64817,12.3436)
 (15.7562,-9.54957)
 (8.72439,7.65768)
 (-30.8783,16.9495)
 (0.0330104,-24.2756)
 (-11.6487,-0.603935)
 (-14.076,26.4186)
 (0.868612,-8.67255)
 (-5.02174,-15.981)
 (7.04789,9.90828)
 (17.3332,-29.414)
 (11.8793,4.03412)
 (-3.50142,-0.418174)
 (-2.61047,-4.52687)
 (-5.55957,-14.7889)
 (17.2366,-18.9881)
 (-17.2313,4.34214)
 (12.1454,-14.0025)
 (-19.3357,-0.693379)
 (-3.71774,1.0874)
 (11.3108,26.9045)
 (21.0962,-0.913378)
 (-2.64163,16.6886)
 (8.14203,-15.4967)
 (-14.7245,7.96759)
 (-13.1983,-8.32282)
 (-3.44263,-12.8142)
 (8.69464,1.22056)
 (-8.3813,12.5642)
 (-13.9522,0.873549)
 (-0.967271,-23.1715)
 (-21.9029,-8.76215)
 (-8.19858,16.8069)
 (6.49389,-8.24625)
 (4.973,8.90157)
 (-29.0622,-5.00287)
 (8.45029,16.2152)
 (-29.0339,12.6257)
 (-2.61881,-1.32097)
 (20.5702,-12.1979)
 (0.268658,-17.5269)
 (-0.673232,-3.19106)
 (-4.89314,-6.86635)
 (-8.24817,-6.78419)
 (13.5163,-0.79372)
 (4.54918,-7.9532)
 (-11.4373,-12.9615)
 (-12.5582,-35.1389)
 (3.39771,26.8987)
 (-5.99894,-5.23142)
 (-5.66201,-9.46784)
 (6.53254,16.7304)
 (-11.4156,10.0139)
 (14.2875,-3.73184)
 (3.10805,8.01163)
 (-11.7135,-23.8809)
 (-21.9517,-5.00814)
 (19.6579,-11.0958)
 (-1.0566,6.05848)
 (1.40651,10.4928)
 (15.2242,12.8011)
 (5.11674,8.76917)
 (-1.82985,-4.61953)
 (-11.5081,-11.2928)
 (1.56957,2.34528)
 (0.609385,-6.26256)
 (-16.9701,-3.86662)
 (11.7098,14.5277)
 (2.01271,5.61204)
 (-2.70184,8.4997)
 (7.03679,-2.16504)
 (11.6857,5.52114)
 (18.5669,22.4192)
 (1.81907,-24.095)
 (-23.9383,-7.44665)
 (-6.23846,12.2619)
 (13.3849,-6.43862)
 (15.842,-13.0408)
 (11.9436,11.772)
 (-0.12027,31.6001)
 (-27.7073,11.0029)
 (-4.85485,15.5757)
 (11.7681,7.97263)
 (14.4852,21.7155)
 (11.0448,-3.45338)
 (-13.3053,17.3828)
 (-6.69661,-2.63877)
 (-18.947,-11.5596)
 (1.82244,-25.8563)
 (-12.2248,14.0351)
 (-1.32777,22.5224)
 (3.69336,-25.6237)
 (22.498,4.08135)
 (10.374,-6.16603)
 (-3.07753,2.83401)
 (2.0901,14.9328)
 (-20.7262,-9.63779)
 (2.76256,30.9546)
 (-7.27156,0.620379)
 (5.14255,-15.2246)
 (-3.13015,-26.5362)
 (-29.2488,-15.4691)
 (16.6099,1.45668)
 (-13.6991,11.478)
 (18.3455,1.29622)
 (-17.9206,-4.22953)
 (-13.9136,-15.2828)
 (4.09365,14.7341)
 (-29.348,-6.09361)
 (18.797,10.6414)
 (6.13537,-18.188)
 (16.0833,16.9117)
 (-5.72386,-15.8977)
 (-23.3498,-13.5345)
 (8.09337,13.4704)
 (-8.10226,21.45)
 (-9.12563,1.76454)
 (-2.48838,-3.3882)
 (1.61751,-16.2764)
 (8.38047,-7.15796)
 (5.39189,-14.733)
 (-10.8618,0.0524285)
 (7.20261,-6.28631)
 (-12.461,10.7014)
 (-0.77822,-5.2309)
 (-6.35671,9.41972)
 (-4.16833,-13.4256)
 (-1.17351,0.268777)
 (4.37163,13.0199)
 (8.50467,-1.27536)
 (-19.4699,17.007)
 (-7.82169,13.984)
 (-6.38018,-0.127609)
 (9.08516,5.26064)
 (3.59859,1.18504)
 (-20.0604,16.4578)
 (-5.96668,-0.583295)
 (-16.5078,2.89331)
 (0.302856,-18.1626)
 (15.0503,11.0004)
 (2.56437,21.9114)
 (2.81595,-4.92864)
 (-18.0125,7.44207)
 (-0.331673,7.03423)
 (2.80479,16.7974)
 (-7.70492,-15.3297)
 (-17.6302,-2.48366)
 (17.54,17.1171)
 (7.91659,-0.194609)
 (25.938,3.95867)
 (3.66168,-8.72593)
 (3.1069,-6.24839)
 (14.0646,13.5764)
 (-6.30733,-20.8989)
 (-21.4335,15.3844)
 (11.2533,5.21179)
 (15.5058,13.7448)
 (-6.9415,-0.600801)
 (10.9621,-13.4566)
 (-12.7022,14.1198)
 (-6.45511,0.891145)
 (7.21276,-12.9284)
 (1.17575,-9.82171)
 (-2.40808,7.0639)
 (0.402524,9.54183)
 (-1.46965,-21.9635)
 (-3.36627,1.73715)
 (2.92699,-17.9379)
 (-29.8224,-21.3582)
 (-1.95506,-12.2154)
 (7.81732,-16.0462)
 (-14.8236,-20.3946)
 (10.7085,-3.50118)
 (0.658906,17.0431)
 (1.56744,9.78614)
 (-12.8936,-27.243)
 (-7.23184,-3.83535)
 (10.4137,-5.24791)
 (-15.1816,-5.09333)
 (13.3245,5.53312)
 (9.16429,11.8374)
 (-9.62335,-3.21086)
 (0.96841,7.56505)
 (7.72617,3.79679)
 (-11.9255,-2.64636)
 (-5.72169,10.8702)
 (7.94337,11.0901)
 (-11.8992,2.14953)
 (-7.22562,-4.91028)
 (-5.49345,3.77787)
 (2.35444,-3.11675)
 (26.6643,24.4122)
 (-9.31081,-12.7573)
 (10.1439,-30.6623)
 (-1.63818,-11.6419)
 (8.69104,-10.2553)
 (-17.7842,8.92905)
 (-16.8775,27.3121)
 (-8.80309,-1.32393)
 (-28.2565,5.34858)
 (-11.115,-2.04536)
 (15.5273,5.82821)
 (-11.6072,-11.2176)
 (-0.839193,-13.1674)
 (0.654633,3.55912)
 (-13.0127,-5.4808)
 (7.13876,-6.24139)
 (4.56514,7.21341)
 (11.6008,2.44344)
 (-0.985782,15.2468)
 (6.961,-12.1354)
 (1.31586,-0.963991)
 (22.2001,12.9848)
 (12.4345,16.1112)
 (4.65709,3.67123)
 (2.72622,3.65067)
 (24.0131,-0.65821)
 (24.9442,-4.56626)
 (-1.98923,14.5597)
 (-6.12266,-30.7168)
 (14.1254,-5.25855)
 (-0.679913,8.57732)
 (-6.32915,13.4421)
 (-1.09285,31.1573)
 (17.0023,-30.0869)
 (2.21832,9.03211)
 (-5.24793,-8.64627)
 (-7.12789,7.58722)
 (-0.808256,-14.9294)
 (7.37938,8.27226)
 (-11.6118,9.74231)
 (7.20486,-13.7284)
 (-15.3695,-14.9386)
 (-10.8279,13.5487)
 (2.90473,-5.59038)
 (-0.299455,5.42587)
 (-1.36038,-17.8913)
 (-5.5044,3.02765)
 (17.4454,-21.2286)
 (6.09441,18.4931)
 (-8.5151,3.28544)
 (-1.94026,17.5865)
 (5.98349,45.1592)
 (6.64538,-11.1575)
 (14.647,-9.31224)
 (-32.3263,-31.6624)
 (25.4038,17.3666)
 (-10.4244,36.555)
 (-0.165622,-26.7758)
 (-22.8644,-3.34204)
 (-7.54696,-5.05082)
 (-13.7488,-12.7708)
 (7.12667,-0.368125)
 (-21.1922,26.3459)
 (26.1287,-30.7338)
 (10.6894,13.9681)
 (-20.5169,-28.1633)
 (19.2122,2.71219)
 (18.3943,-18.7109)
 (-8.76879,-1.65733)
 (5.71659,-10.534)
 (16.0735,9.47426)
 (7.34752,6.05923)
 (11.4382,-10.2875)
 (-19.5437,-11.5035)
 (-19.0334,-12.5036)
 (-11.0949,-1.99151)
 (3.08651,-8.54551)
 (-3.16479,1.30662)
 (-6.6391,-10.444)
 (-0.0992537,24.7628)
 (-0.103969,-15.4311)
 (14.5906,-2.36518)
 (-12.5309,-10.744)
 (13.3887,0.827254)
 (15.4263,7.09985)
 (-19.2507,5.86626)
 (-21.046,-7.1173)
 (-7.97428,-2.65567)
 (3.28009,13.8513)
 (4.37956,2.74713)
 (7.43114,-9.49955)
 (14.7329,3.76702)
 (23.2193,6.79159)
 (-2.41176,20.2721)
 (-0.10841,11.1632)
 (3.87046,-20.2991)
 (25.4823,9.69524)
 (18.7561,-12.3986)
 (-3.57239,-6.64245)
 (15.2294,-7.35563)
 (18.6866,-10.607)
 (6.63245,-10.5615)
 (-8.84232,-1.62462)
 (20.6717,2.38249)
 (-2.74944,3.9858)
 (-5.26422,-18.0601)
 (9.09934,22.7423)
 (4.05899,-0.657874)
 (-2.94475,-18.8085)
 (-3.07306,-3.97745)
 (12.77,-5.53598)
 (-4.88305,-9.09699)
 (18.4498,11.4463)
 (2.93366,-3.9209)
 (2.32209,0.293213)
 (-2.54108,-16.5629)
 (-7.48061,0.282867)
 (-17.6394,-32.4881)
 (-12.126,-15.503)
 (-0.554929,7.72951)
 (10.4033,-6.64376)
 (9.38109,-9.7719)
 (9.2251,-10.6212)
 (-28.9936,-0.733902)
 (6.27106,-11.0801)
 (17.6068,9.85107)
 (-20.3778,4.74831)
 (-4.46087,-25.7554)
 (-4.95557,5.13202)
 (-14.0135,11.6692)
 (-12.0935,19.1693)
 (3.55194,24.4873)
 (-10.6542,-12.897)
 (4.72657,4.94991)
 (-0.549574,21.0341)
 (-5.95127,10.114)
 (22.0968,9.22875)
 (-0.221924,-1.65114)
 (-12.1003,-5.06039)
 (-7.49407,-12.1612)
 (21.2071,-29.7173)
 (11.0308,7.27348)
 (-0.718985,2.89509)
 (21.2967,-21.7113)
 (-24.0022,-1.95248)
 (16.7029,-21.2533)
 (5.96627,19.4236)
 (23.0217,-3.40783)
 (12.4157,14.7211)
 (13.2157,-4.6523)
 (18.9034,-17.5116)
 (8.95584,-1.35591)
 (22.0017,-10.3749)
 (6.45814,-7.52525)
 (2.47599,-1.47789)
 (-11.0105,11.8486)
 (-1.6819,-7.69917)
 (1.16042,-13.49)
 (-0.697995,-6.28767)
 (6.82295,-1.80014)
 (-9.20899,4.5203)
 (7.89875,0.266006)
 (-7.45954,9.93276)
 (5.0298,28.9262)
 (-17.4996,-16.5441)
 (-4.12232,-7.30685)
 (7.53614,-10.0224)
 (19.3227,29.3041)
 (-16.4876,12.6913)
 (13.7174,-4.42811)
 (23.0571,10.223)
 (-1.8646,-15.002)
 (17.9675,6.05224)
 (7.08987,-22.7874)
 (4.37788,-12.0043)
 (-1.49348,-8.95164)
 (-10.5781,9.34579)
 (13.6981,-5.77163)
 (1.58536,-16.5124)
 (2.73616,-3.94537)
 (21.9402,-11.9831)
 (-3.37967,-7.82711)
 (-6.44833,-11.8148)
 (-8.16266,-8.31575)
 (2.61469,27.1064)
 (4.08354,10.7137)
 (12.677,16.1663)
 (-14.4382,8.32798)
 (-3.29313,-8.83086)
 (19.6118,-3.38972)
 (-1.19564,-1.64728)
 (-19.1232,-4.58647)
 (3.99974,4.23668)
 (-9.21351,15.1799)
 (7.52581,19.6724)
 (-0.965856,24.5072)
 (-5.34935,17.8095)
 (13.9608,5.16263)
 (3.10455,-5.55198)
 (-5.36669,9.96548)
 (-23.1433,-8.36303)
 (16.5104,-6.16535)
 (-0.867776,-3.68293)
 (-5.67068,-6.96374)
 (4.58373,-0.619232)
 (-0.537915,2.66713)
 (-9.91079,19.2573)
 (-1.65567,8.19393)
 (-19.036,-1.59441)
 (0.0739641,-2.48783)
 (2.64781,-15.0677)
 (-11.0474,4.58675)
 (1.17812,-20.1027)
 (1.14047,-11.0757)
 (-22.7946,-4.80341)
 (0.838098,14.9791)
 (17.9041,-0.33053)
 (14.691,13.7444)
 (-8.91494,-22.9784)
 (-12.3118,3.75811)
 (1.0619,-15.4858)
 (32.8703,-12.7387)
 (-4.571,14.8858)
 (-22.7707,-24.1368)
 (-3.5203,13.4607)
 (4.72802,8.5647)
 (1.05847,13.2816)
 (-8.25105,14.7095)
 (-26.5369,8.05837)
 (-2.25974,-23.8711)
 (3.85209,4.31082)
 (-4.10849,-31.2983)
 (-2.20869,10.4465)
 (-18.8575,-5.17216)
 (4.25228,17.1543)
 (-1.37178,13.7875)
 (11.6775,1.73223)
 (-2.8801,2.44868)
 (-15.9649,6.01784)
 (-6.83337,-6.09766)
 (16.8411,-1.57598)
 (-1.80485,-1.83305)
 (1.84152,10.8922)
 (-3.02347,7.71599)
 (9.18205,9.63261)
 (-9.32264,-18.0322)
 (-3.66894,-7.62969)
 (-32.4912,-19.0077)
 (1.12301,23.7352)
 (-6.36719,2.33293)
 (4.95307,12.5921)
 (-5.77195,8.72199)
 (-24.1341,-17.7813)
 (-0.0508838,5.12368)
 (0.93286,-0.760243)
 (-2.79316,-13.9808)
 (-12.5264,-15.4123)
 (2.41061,-11.7703)
 (-0.215393,0.525321)
 (24.1972,1.67042)
 (12.4673,10.862)
 (5.51238,3.97293)
 (15.6617,-18.8216)
 (11.1205,5.42194)
 (-10.7349,-1.26016)
 (3.86986,7.10032)
 (-7.92679,3.42121)
 (11.0206,-12.9499)
 (-22.0993,15.0816)
 (-2.1376,-9.236)
 (6.19053,10.7283)
 (-20.0315,-0.617272)
 (-15.2122,-13.2173)
 (-3.82287,-8.45484)
 (-1.47844,-1.43144)
 (16.3483,22.1531)
 (0.521032,-6.80991)
 (-20.2847,13.82)
 (10.2565,7.00024)
 (-0.117621,3.73764)
 (-26.5553,-16.1704)
 (-10.3858,-7.856)
 (1.62414,0.868703)
 (1.69467,-27.301)
 (8.39554,-11.2044)
 (-10.1295,-9.63756)
 (-11.7976,-14.2116)
 (-0.336397,-16.843)
 (6.4349,7.49581)
 (-25.6316,-18.6036)
 (-26.4405,6.37214)
 (1.42812,7.67637)
 (-14.8194,15.2525)
 (4.24851,13.2323)
 (-12.134,-13.1161)
 (-21.0273,-1.74061)
 (-8.15638,14.486)
 (13.558,11.0632)
 (1.61771,-5.96709)
 (-7.33311,-13.8763)
 (21.139,10.9968)
 (8.02104,10.6937)
 (1.05872,-5.66384)
 (-15.6961,30.981)
 (-12.2191,4.92001)
 (-5.68322,-6.54666)
 (9.93453,-11.0465)
 (26.8031,0.130161)
 (-3.72605,-1.99011)
 (7.89308,-6.44939)
 (0.635232,-8.36989)
 (-17.3854,7.81192)
 (-4.08497,7.66987)
 (7.71483,11.7339)
 (-7.22874,-6.17864)
 (-12.2472,1.85943)
 (1.65996,18.7205)
 (7.01006,-27.9434)
 (19.5825,-19.8857)
 (9.63843,-3.88726)
 (14.0925,9.34073)
 (-2.08074,3.21176)
 (6.9092,3.15161)
 (26.4133,23.3527)
 (8.08187,11.614)
 (-11.6404,-7.96173)
 (8.79433,-17.7195)
 (5.3363,-9.91185)
 (3.90202,12.6254)
 (-9.46124,14.4239)
 (-6.10317,-28.8955)
 (10.2359,23.0841)
 (-21.7061,-12.0017)
 (-1.33434,6.71805)
 (5.57981,-8.54361)
 (-4.60166,14.2638)
 (3.7425,7.55432)
 (2.83957,2.53785)
 (-25.9013,-3.796)
 (4.37644,26.9612)
 (-12.0146,28.5132)
 (6.19886,11.5183)
 (-6.82033,18.461)
 (-8.6993,-10.9953)
 (6.63297,-4.71666)
 (-9.69019,-2.0482)
 (18.1384,-1.04018)
 (13.2751,-11.177)
 (9.91685,-12.3382)
 (15.0568,3.31727)
 (-3.2535,16.8417)
 (-2.13359,-7.45784)
 (22.4432,-4.78468)
 (3.67158,-26.4659)
 (-23.5602,-14.5272)
 (-22.1167,3.30101)
 (3.50491,-14.6045)
 (-0.662902,3.69791)
 (2.165,-17.8526)
 (0.969053,-9.4563)
 (10.8697,-5.90899)
 (-34.8168,0.780358)
 (-21.0509,-30.6957)
 (14.679,-2.9819)
 (24.8983,19.2727)
 (-25.2403,0.116197)
 (-1.30349,-6.86977)
 (-3.32602,7.28111)
 (17.453,-2.01642)
 (-4.19303,4.12896)
 (-6.98151,6.25595)
 (6.96013,-15.4542)
 (-3.81269,-20.5843)
 (6.18633,-30.7755)
 (2.2368,-25.8838)
 (-8.9517,9.43175)
 (-6.89754,-17.6327)
 (-1.77123,9.50145)
 (25.9388,7.71892)
 (-15.4396,-3.83912)
 (5.37342,4.10293)
 (24.475,-13.9866)
 (-2.69121,21.2737)
 (5.7581,-19.344)
 (-21.3267,8.75252)
 (16.9934,-5.47009)
 (15.2405,-12.1785)
 (7.42594,-3.60556)
 (5.99471,-14.8928)
 (4.37294,6.1838)
 (5.53524,-2.0901)
 (-4.08043,0.431241)
 (-7.167,-18.6644)
 (3.23725,5.64976)
 (-0.16746,12.9602)
 (1.07796,5.56619)
 (-15.0069,-7.27556)
 (17.8959,-1.13126)
 (-2.01892,2.74843)
 (9.70117,-11.4526)
 (-1.84972,14.4324)
 (-4.91307,-15.9878)
 (-10.9923,12.7878)
 (-12.0317,-26.8244)
 (-2.38763,-23.0189)
 (5.42658,4.1913)
 (4.59766,9.56886)
 (-16.883,11.0159)
 (-0.239097,11.9474)
 (23.9743,10.9132)
 (19.0435,-11.0856)
 (-7.5398,-7.84015)
 (11.7042,0.0815949)
 (0.674236,-23.5404)
 (-17.3691,-1.6708)
 (-1.52881,-17.6024)
 (13.5332,-3.74829)
 (19.3133,-12.7422)
 (-18.3363,9.50525)
 (-11.9953,9.76075)
 (-9.48052,-7.07281)
 (-6.93221,11.8721)
 (2.23834,6.45539)
 (-17.6522,-0.242707)
 (-11.0891,-5.41104)
 (-8.0158,18.5361)
 (-10.6272,-4.01192)
 (12.4949,-6.3425)
 (-2.91924,5.83005)
 (2.75162,14.8963)
 (-15.8766,-13.6241)
 (-15.735,11.2521)
 (-8.66294,1.94321)
 (17.3476,-14.792)
 (8.33996,11.1601)
 (-5.16244,10.2739)
 (-8.15999,-13.6095)
 (-9.64217,-9.38911)
 (1.26481,-26.3554)
 (10.2452,-0.562543)
 (-8.39079,-24.4314)
 (9.15757,-11.7971)
 (-3.43501,12.332)
 (9.66571,4.22167)
 (12.293,2.8791)
 (3.16206,-16.8907)
 (2.36857,-13.8374)
 (18.5384,-23.1759)
 (8.66398,14.349)
 (18.3885,11.877)
 (-18.5479,2.10247)
 (-20.6062,7.45941)
 (17.8485,-16.2894)
 (17.5666,6.16217)
 (-3.8627,-12.8566)
 (6.91043,-15.4538)
 (2.62413,1.99272)
 (6.12651,13.8046)
 (-14.6846,14.3242)
 (-3.8897,0.0963739)
 (-12.3836,-17.858)
 (0.747078,5.60558)
 (3.55714,1.08931)
 (5.62823,-5.50934)
 (-27.6899,4.73664)
 (1.66112,1.16122)
 (10.9892,-13.0597)
 (-12.0088,-7.60152)
 (7.98339,-23.0802)
 (25.4358,8.87446)
 (-30.9157,29.8978)
 (-33.6613,21.444)
 (-16.0842,17.4356)
 (-14.0815,12.7759)
 (7.17082,-0.131567)
 (13.798,-19.5797)
 (1.45074,1.56959)
 (3.99396,4.19626)
 (-18.7931,-2.41699)
 (-5.85033,-7.51482)
 (11.5559,13.426)
 (-15.9182,5.56193)
 (-8.03635,3.68576)
 (-23.8681,4.16009)
 (-20.2173,-28.0844)
 (2.69978,-7.64464)
 (-5.0899,-15.9631)
 (-8.45095,-5.48942)
 (-13.8622,-6.56587)
 (-5.28901,6.90439)
 (4.38323,-4.59508)
 (32.7133,15.325)
 (26.3042,-0.8922)
 (-7.25334,-4.9826)
 (23.8742,-10.2395)
 (-1.58631,-15.9174)
 (9.48705,31.2083)
 (-16.7499,40.8969)
 (-6.76808,-9.17636)
 (-10.3377,15.1979)
 (6.32264,-5.17068)
 (20.3803,-11.881)
 (1.36931,16.5439)
 (-0.430022,-7.17177)
 (-15.0246,-23.799)
 (-1.32509,-0.836228)
 (5.12927,0.589221)
 (-19.4685,1.89851)
 (11.2841,8.68764)
 (-0.914658,18.3233)
 (22.6702,-2.87025)
 (-22.4597,4.54725)
 (6.50448,-8.1356)
 (-7.28801,-17.0706)
 (28.727,-8.93071)
 (-9.37458,-16.5216)
 (0.480242,-6.27849)
 (5.04157,-15.8151)
 (-10.4041,15.5876)
 (13.1107,9.7599)
 (-7.4548,5.90579)
 (16.636,-11.0167)
 (13.5874,0.565323)
 (11.893,24.0569)
 (-4.00632,12.7834)
 (-7.70693,-5.06114)
 (-0.155648,0.227391)
 (-23.6245,-6.93921)
 (17.7444,-4.91926)
 (11.4027,-5.88598)
 (10.2437,4.14396)
 (26.6314,-28.4193)
 (3.17954,-19.1381)
 (-11.9643,1.16424)
 (14.1684,-16.6303)
 (11.827,4.68126)
 (-17.8325,6.84132)
 (-7.4836,-3.75188)
 (-1.49763,-0.876742)
 (-23.9207,9.31263)
 (11.687,9.01496)
 (16.2927,-15.731)
 (-18.7225,10.0754)
 (-10.355,-4.42392)
 (-0.868572,0.953419)
 (0.228178,17.3513)
 (-8.56911,-2.37881)
 (5.40673,0.814435)
 (2.02217,5.65231)
 (10.0204,-13.6858)
 (-5.66851,15.0712)
 (-8.46788,10.272)
 (25.3626,-17.9681)
 (-8.29377,6.61551)
 (-10.0377,0.766831)
 (8.79292,9.14218)
 (28.4357,-15.0852)
 (-8.32479,3.23239)
 (18.441,-26.2573)
 (-6.01952,5.58669)
 (-18.6552,-7.61961)
 (0.595685,14.9064)
 (-20.9167,6.97001)
 (18.7418,-12.0171)
 (4.48063,-25.7643)
 (5.19119,12.29)
 (-9.01569,-2.23449)
 (-22.0788,5.20325)
 (-5.97049,3.92038)
 (11.4605,-6.78553)
 (-4.57444,17.7071)
 (-21.4897,22.1863)
 (26.3795,-7.86776)
 (10.4523,-19.6279)
 (11.578,-2.88613)
 (3.19246,5.09453)
 (-7.13489,6.86859)
 (26.4426,6.8688)
 (-8.80386,-20.1963)
 (9.42686,6.04649)
 (2.37765,6.1761)
 (-10.087,7.14973)
 (2.66893,2.98317)
 (-11.8892,11.6173)
 (37.6822,-12.9225)
 (-29.3485,-4.56515)
 (21.6038,0.0738153)
 (-22.8383,-36.7838)
 (-0.975295,1.15414)
 (5.73104,-5.14024)
 (19.3231,1.54061)
 (8.58772,7.45807)
 (-32.5734,10.7007)
 (-4.53726,2.65174)
 (0.933953,-1.93334)
 (-19.9648,8.04028)
 (5.40856,-3.87822)
 (25.4273,10.3631)
 (-10.005,-27.4751)
 (-6.56862,6.19691)
 (4.54924,7.25743)
 (0.410267,21.2819)
 (-19.9786,-2.35274)
 (8.02657,-21.2715)
 (3.29914,-5.25229)
 (-16.7879,-20.2534)
 (11.5272,-9.71696)
 (8.95672,-3.43269)
 (11.7922,-24.0461)
 (-18.1133,6.93559)
 (-19.5334,0.435552)
 (29.9962,-13.0175)
 (-3.62965,13.4729)
 (11.3583,-15.3145)
 (11.8294,-15.0297)
 (-2.13479,-7.26377)
 (-25.1492,6.96338)
 (3.10101,-11.5547)
 (0.441067,16.5501)
 (-1.12784,-3.71511)
 (-16.7094,20.4757)
 (-5.28446,14.7792)
 (1.36612,7.61154)
 (-0.381318,8.44299)
 (-11.0211,-10.9429)
 (4.46095,8.7884)
 (-0.572727,-14.763)
 (0.222641,-5.41111)
 (-25.424,-12.5627)
 (-21.1343,-5.3473)
 (-19.2838,1.76171)
 (22.7694,14.7449)
 (21.1562,9.48563)
 (0.358974,12.3307)
 (0.157887,2.12031)
 (19.3201,0.386566)
 (4.72124,2.75054)
 (-6.45077,-17.4986)
 (-8.70056,4.04181)
 (23.0372,2.16866)
 (1.25163,8.60276)
 (-20.2348,9.29482)
 (9.67642,-1.96861)
 (-2.46599,-0.562897)
 (19.7815,-3.14045)
 (19.5353,11.8667)
 (26.9471,20.5045)
 (-7.93982,9.86099)
 (-1.40806,24.5563)
 (-43.7894,-15.4089)
 (-4.4226,2.75526)
 (6.04727,5.79233)
 (-3.31645,-14.1279)
 (1.20308,3.24755)
 (14.3809,1.99668)
 (-14.8632,7.97611)
 (10.4488,-11.6781)
 (4.86562,7.64054)
 (5.17749,4.71883)
 (13.3968,1.32756)
 (4.81595,-8.14822)
 (21.3997,5.47487)
 (-2.08041,-6.91084)
 (25.7927,9.72931)
 (5.21878,-3.5103)
 (-10.9586,-5.71012)
 (11.6808,-31.0382)
 (10.5649,-7.69357)
 (4.69173,-14.1432)
 (-12.7624,-13.1643)
 (-7.22945,5.38421)
 (-8.83575,15.0216)
 (3.40717,11.1895)
 (2.75437,7.49461)
 (9.86173,1.30793)
 (19.1191,0.924375)
 (4.66821,5.37589)
 (-14.9166,0.152143)
 (-10.2791,2.73441)
 (-5.66479,-11.1127)
 (3.6847,7.29722)
 (26.3324,4.63424)
 (8.03374,4.5102)
 (-15.127,-11.7155)
 (16.6832,-6.87279)
 (4.78277,-26.8047)
 (10.4302,2.06653)
 (17.7398,4.96462)
 (7.2929,-14.1224)
 (-3.41818,-0.11028)
 (-11.1346,15.0622)
 (-3.66169,1.99686)
 (20.6644,-20.6052)
 (-21.3442,12.1992)
 (6.41773,-6.63141)
 (-3.48247,6.8206)
 (-2.94418,-33.1898)
 (3.62985,5.78138)
 (23.376,-2.0484)
 (12.12,3.66532)
 (-19.339,-10.1055)
 (10.1884,-15.9651)
 (-7.7255,6.62311)
 (23.7607,-7.61514)
 (6.34913,7.19656)
 (0.712948,4.47983)
 (6.02824,-13.5393)
 (15.6438,15.0967)
 (-1.14994,7.73823)
 (-15.7229,-4.19873)
 (3.87187,-6.10273)
 (-1.76174,-14.0183)
 (15.1798,-7.69149)
 (32.2884,-1.68436)
 (-18.5461,-2.5177)
 (5.44387,-2.56705)
 (2.63825,-22.9601)
 (2.3923,9.50873)
 (32.1293,-6.9793)
 (-20.4975,-9.33238)
 (26.433,-1.60308)
 (25.876,0.0513101)
 (-7.64494,5.85148)
 (2.91396,4.71331)
 (15.3952,2.39454)
 (-2.68782,-4.88693)
 (17.9531,-12.7075)
 (14.4491,0.108501)
 (19.4735,6.53124)
 (10.7649,-37.0953)
 (-3.05565,22.5809)
 (13.6188,7.04427)
 (-5.88614,2.34564)
 (9.7582,-1.0392)
 (8.33865,14.7017)
 (6.21856,-13.651)
 (-3.27459,21.7099)
 (-37.6949,-22.4916)
 (10.2461,6.61596)
 (6.2227,-3.60826)
 (13.1182,7.93973)
 (3.22593,19.5917)
 (19.384,19.6439)
 (-3.07212,-1.76649)
 (-19.8798,6.50511)
 (3.42428,-16.0354)
 (1.04004,2.73854)
 (-17.1002,-9.57914)
 (21.234,30.6854)
 (-14.1992,3.55484)
 (12.288,12.0254)
 (-12.2207,-0.682334)
 (4.48149,2.6562)
 (-6.65167,-3.88716)
 (-22.4029,5.4805)
 (-21.3952,-4.1304)
 (-2.19324,-11.9805)
 (-6.93318,1.09774)
 (21.0798,-7.61534)
 (7.98998,15.638)
 (20.4446,5.91719)
 (14.2696,11.8386)
 (2.28433,-3.86382)
 (-8.15697,5.82495)
 (-16.6998,4.15957)
 (-10.9744,4.76141)
 (10.1775,13.1803)
 (-20.2917,3.8885)
 (-4.00475,-0.538729)
 (10.7918,4.78886)
 (28.349,25.8591)
 (-10.3193,11.1421)
 (8.66419,-0.150971)
 (-4.40049,-9.63145)
 (-9.96494,15.4776)
 (15.7406,-25.5394)
 (-12.5229,-14.2119)
 (-22.1735,0)
 (-12.5229,14.2119)
 (15.7406,25.5394)
 (-9.96495,-15.4776)
 (-4.40049,9.63144)
 (8.66418,0.15097)
 (-10.3193,-11.1421)
 (28.349,-25.8591)
 (10.7918,-4.78886)
 (-4.00475,0.538728)
 (-20.2917,-3.88851)
 (10.1775,-13.1803)
 (-10.9744,-4.76141)
 (-16.6998,-4.15957)
 (-8.15697,-5.82495)
 (2.28432,3.86381)
 (14.2696,-11.8386)
 (20.4446,-5.91719)
 (7.98998,-15.638)
 (21.0798,7.61534)
 (-6.93318,-1.09774)
 (-2.19324,11.9804)
 (-21.3952,4.1304)
 (-22.4029,-5.48051)
 (-6.65167,3.88717)
 (4.48149,-2.6562)
 (-12.2207,0.682341)
 (12.288,-12.0254)
 (-14.1992,-3.55484)
 (21.234,-30.6853)
 (-17.1002,9.57914)
 (1.04005,-2.73854)
 (3.42428,16.0354)
 (-19.8798,-6.50512)
 (-3.07212,1.76648)
 (19.384,-19.6439)
 (3.22594,-19.5917)
 (13.1182,-7.93972)
 (6.2227,3.60825)
 (10.2461,-6.61596)
 (-37.6949,22.4916)
 (-3.27458,-21.7099)
 (6.21856,13.651)
 (8.33865,-14.7017)
 (9.7582,1.03919)
 (-5.88614,-2.34564)
 (13.6188,-7.04427)
 (-3.05564,-22.5809)
 (10.7649,37.0953)
 (19.4735,-6.53124)
 (14.4491,-0.1085)
 (17.9531,12.7075)
 (-2.68782,4.88693)
 (15.3952,-2.39454)
 (2.91395,-4.71331)
 (-7.64494,-5.85148)
 (25.876,-0.0513115)
 (26.433,1.60308)
 (-20.4975,9.33238)
 (32.1294,6.97931)
 (2.3923,-9.50873)
 (2.63824,22.96)
 (5.44387,2.56705)
 (-18.5461,2.51769)
 (32.2884,1.68436)
 (15.1798,7.69149)
 (-1.76175,14.0183)
 (3.87188,6.10273)
 (-15.7229,4.19872)
 (-1.14994,-7.73823)
 (15.6438,-15.0967)
 (6.02823,13.5393)
 (0.712943,-4.47982)
 (6.34913,-7.19656)
 (23.7607,7.61514)
 (-7.7255,-6.62311)
 (10.1884,15.9651)
 (-19.339,10.1055)
 (12.12,-3.66532)
 (23.376,2.04841)
 (3.62985,-5.78138)
 (-2.94419,33.1898)
 (-3.48245,-6.8206)
 (6.41773,6.63141)
 (-21.3442,-12.1992)
 (20.6644,20.6052)
 (-3.66169,-1.99687)
 (-11.1346,-15.0622)
 (-3.41817,0.110284)
 (7.29289,14.1224)
 (17.7398,-4.96462)
 (10.4302,-2.06654)
 (4.78277,26.8047)
 (16.6832,6.8728)
 (-15.127,11.7155)
 (8.03374,-4.5102)
 (26.3324,-4.63424)
 (3.6847,-7.29722)
 (-5.66479,11.1127)
 (-10.2791,-2.73441)
 (-14.9166,-0.152147)
 (4.66821,-5.37588)
 (19.1191,-0.924369)
 (9.86174,-1.30793)
 (2.75438,-7.49461)
 (3.40717,-11.1895)
 (-8.83575,-15.0216)
 (-7.22945,-5.38421)
 (-12.7624,13.1643)
 (4.69173,14.1432)
 (10.5649,7.69357)
 (11.6808,31.0382)
 (-10.9586,5.71012)
 (5.21878,3.5103)
 (25.7927,-9.72931)
 (-2.08041,6.91084)
 (21.3997,-5.47488)
 (4.81594,8.14822)
 (13.3968,-1.32755)
 (5.17749,-4.71883)
 (4.86561,-7.64054)
 (10.4488,11.6781)
 (-14.8632,-7.97611)
 (14.3809,-1.99668)
 (1.20308,-3.24755)
 (-3.31645,14.1279)
 (6.04728,-5.79233)
 (-4.42261,-2.75527)
 (-43.7894,15.4089)
 (-1.40806,-24.5563)
 (-7.93981,-9.86099)
 (26.9471,-20.5045)
 (19.5353,-11.8667)
 (19.7815,3.14046)
 (-2.46599,0.562894)
 (9.67642,1.96861)
 (-20.2348,-9.29482)
 (1.25163,-8.60275)
 (23.0372,-2.16865)
 (-8.70056,-4.04182)
 (-6.45077,17.4986)
 (4.72124,-2.75054)
 (19.3201,-0.386567)
 (0.15789,-2.1203)
 (0.358977,-12.3307)
 (21.1562,-9.48561)
 (22.7694,-14.7449)
 (-19.2838,-1.76171)
 (-21.1343,5.3473)
 (-25.424,12.5627)
 (0.222639,5.41112)
 (-0.57273,14.763)
 (4.46095,-8.7884)
 (-11.0211,10.9429)
 (-0.381312,-8.44298)
 (1.36613,-7.61153)
 (-5.28445,-14.7792)
 (-16.7094,-20.4757)
 (-1.12784,3.71511)
 (0.441072,-16.5501)
 (3.10101,11.5547)
 (-25.1492,-6.96338)
 (-2.13479,7.26377)
 (11.8294,15.0297)
 (11.3583,15.3145)
 (-3.62965,-13.4729)
 (29.9962,13.0175)
 (-19.5334,-0.435558)
 (-18.1133,-6.9356)
 (11.7922,24.0461)
 (8.95672,3.43269)
 (11.5272,9.71696)
 (-16.7879,20.2534)
 (3.29914,5.25229)
 (8.02656,21.2715)
 (-19.9786,2.35273)
 (0.410268,-21.282)
 (4.54924,-7.25743)
 (-6.56861,-6.19691)
 (-10.005,27.4751)
 (25.4273,-10.3631)
 (5.40855,3.87822)
 (-19.9648,-8.04028)
 (0.933952,1.93334)
 (-4.53726,-2.65174)
 (-32.5734,-10.7007)
 (8.58773,-7.45807)
 (19.3231,-1.54061)
 (5.73104,5.14024)
 (-0.975298,-1.15415)
 (-22.8383,36.7838)
 (21.6038,-0.0738106)
 (-29.3485,4.56515)
 (37.6822,12.9225)
 (-11.8892,-11.6173)
 (2.66893,-2.98317)
 (-10.087,-7.14973)
 (2.37765,-6.1761)
 (9.42686,-6.04649)
 (-8.80386,20.1963)
 (26.4426,-6.8688)
 (-7.13489,-6.86858)
 (3.19247,-5.09453)
 (11.578,2.88613)
 (10.4523,19.6279)
 (26.3795,7.86776)
 (-21.4897,-22.1863)
 (-4.57443,-17.7071)
 (11.4605,6.78553)
 (-5.97049,-3.92039)
 (-22.0788,-5.20325)
 (-9.01569,2.23449)
 (5.1912,-12.29)
 (4.48063,25.7643)
 (18.7418,12.0171)
 (-20.9167,-6.97002)
 (0.595686,-14.9064)
 (-18.6552,7.61961)
 (-6.01952,-5.58669)
 (18.441,26.2573)
 (-8.3248,-3.23239)
 (28.4357,15.0852)
 (8.79292,-9.14217)
 (-10.0377,-0.76683)
 (-8.29377,-6.61551)
 (25.3626,17.9681)
 (-8.46787,-10.272)
 (-5.66851,-15.0712)
 (10.0204,13.6858)
 (2.02217,-5.65231)
 (5.40673,-0.81443)
 (-8.56911,2.37881)
 (0.228185,-17.3513)
 (-0.868571,-0.953424)
 (-10.355,4.42392)
 (-18.7225,-10.0754)
 (16.2927,15.731)
 (11.6871,-9.01496)
 (-23.9207,-9.31263)
 (-1.49763,0.876753)
 (-7.48359,3.75187)
 (-17.8325,-6.84133)
 (11.827,-4.68126)
 (14.1684,16.6303)
 (-11.9643,-1.16425)
 (3.17953,19.1381)
 (26.6314,28.4193)
 (10.2437,-4.14396)
 (11.4027,5.88599)
 (17.7444,4.91926)
 (-23.6245,6.93921)
 (-0.155651,-0.227391)
 (-7.70692,5.06114)
 (-4.00632,-12.7834)
 (11.893,-24.0569)
 (13.5874,-0.565314)
 (16.636,11.0167)
 (-7.4548,-5.9058)
 (13.1107,-9.7599)
 (-10.4041,-15.5876)
 (5.04157,15.8151)
 (0.480249,6.27849)
 (-9.37459,16.5216)
 (28.727,8.93072)
 (-7.28802,17.0706)
 (6.50448,8.1356)
 (-22.4597,-4.54725)
 (22.6702,2.87026)
 (-0.914655,-18.3233)
 (11.2841,-8.68764)
 (-19.4685,-1.89851)
 (5.12926,-0.589218)
 (-1.32509,0.836227)
 (-15.0246,23.799)
 (-0.430021,7.17178)
 (1.36932,-16.5439)
 (20.3803,11.881)
 (6.32264,5.17067)
 (-10.3377,-15.1979)
 (-6.76808,9.17636)
 (-16.7499,-40.8969)
 (9.48705,-31.2083)
 (-1.5863,15.9174)
 (23.8742,10.2395)
 (-7.25334,4.98259)
 (26.3042,0.892197)
 (32.7133,-15.325)
 (4.38323,4.59509)
 (-5.28901,-6.90439)
 (-13.8621,6.56587)
 (-8.45095,5.48941)
 (-5.0899,15.9631)
 (2.69978,7.64464)
 (-20.2173,28.0844)
 (-23.8681,-4.16009)
 (-8.03635,-3.68577)
 (-15.9182,-5.56194)
 (11.5559,-13.426)
 (-5.85034,7.51481)
 (-18.7931,2.41699)
 (3.99396,-4.19626)
 (1.45074,-1.56959)
 (13.798,19.5797)
 (7.17083,0.131569)
 (-14.0815,-12.7759)
 (-16.0842,-17.4356)
 (-33.6613,-21.444)
 (-30.9156,-29.8978)
 (25.4358,-8.87446)
 (7.98339,23.0802)
 (-12.0089,7.60151)
 (10.9892,13.0597)
 (1.66111,-1.16122)
 (-27.6899,-4.73664)
 (5.62823,5.50935)
 (3.55714,-1.08931)
 (0.747077,-5.60558)
 (-12.3836,17.858)
 (-3.8897,-0.0963762)
 (-14.6846,-14.3242)
 (6.12652,-13.8046)
 (2.62412,-1.99272)
 (6.91043,15.4538)
 (-3.86269,12.8566)
 (17.5666,-6.16217)
 (17.8485,16.2894)
 (-20.6062,-7.4594)
 (-18.5479,-2.10246)
 (18.3885,-11.877)
 (8.66398,-14.349)
 (18.5384,23.1759)
 (2.36857,13.8374)
 (3.16206,16.8907)
 (12.293,-2.8791)
 (9.6657,-4.22167)
 (-3.43501,-12.332)
 (9.15758,11.7971)
 (-8.3908,24.4314)
 (10.2452,0.562546)
 (1.26481,26.3554)
 (-9.64217,9.38911)
 (-8.15999,13.6095)
 (-5.16244,-10.2739)
 (8.33997,-11.1601)
 (17.3476,14.792)
 (-8.66294,-1.94321)
 (-15.735,-11.2521)
 (-15.8766,13.6241)
 (2.75162,-14.8963)
 (-2.91923,-5.83005)
 (12.4949,6.34249)
 (-10.6272,4.01192)
 (-8.0158,-18.5361)
 (-11.0891,5.41104)
 (-17.6522,0.242701)
 (2.23834,-6.4554)
 (-6.93221,-11.8721)
 (-9.48052,7.07281)
 (-11.9953,-9.76075)
 (-18.3363,-9.50526)
 (19.3133,12.7422)
 (13.5332,3.74829)
 (-1.52881,17.6024)
 (-17.3691,1.67079)
 (0.67423,23.5404)
 (11.7042,-0.0815854)
 (-7.5398,7.84015)
 (19.0435,11.0856)
 (23.9743,-10.9132)
 (-0.239093,-11.9474)
 (-16.883,-11.0159)
 (4.59766,-9.56886)
 (5.42658,-4.1913)
 (-2.38763,23.0189)
 (-12.0317,26.8244)
 (-10.9923,-12.7878)
 (-4.91308,15.9878)
 (-1.84972,-14.4324)
 (9.70117,11.4526)
 (-2.01892,-2.74843)
 (17.8959,1.13126)
 (-15.0069,7.27557)
 (1.07796,-5.56618)
 (-0.167464,-12.9602)
 (3.23724,-5.64975)
 (-7.16701,18.6644)
 (-4.08043,-0.431242)
 (5.53524,2.0901)
 (4.37294,-6.1838)
 (5.9947,14.8928)
 (7.42594,3.60556)
 (15.2405,12.1785)
 (16.9933,5.47008)
 (-21.3267,-8.75251)
 (5.75809,19.344)
 (-2.69121,-21.2736)
 (24.475,13.9866)
 (5.37342,-4.10294)
 (-15.4396,3.83911)
 (25.9388,-7.71889)
 (-1.77123,-9.50144)
 (-6.89754,17.6326)
 (-8.9517,-9.43175)
 (2.23678,25.8838)
 (6.18632,30.7755)
 (-3.81269,20.5843)
 (6.96012,15.4541)
 (-6.98152,-6.25595)
 (-4.19303,-4.12896)
 (17.453,2.01642)
 (-3.32603,-7.28111)
 (-1.30349,6.86977)
 (-25.2402,-0.116196)
 (24.8984,-19.2727)
 (14.679,2.9819)
 (-21.0509,30.6957)
 (-34.8168,-0.780358)
 (10.8697,5.90899)
 (0.969049,9.4563)
 (2.165,17.8526)
 (-0.662898,-3.6979)
 (3.50491,14.6045)
 (-22.1167,-3.30101)
 (-23.5602,14.5272)
 (3.67158,26.4659)
 (22.4432,4.78469)
 (-2.13359,7.45783)
 (-3.25349,-16.8417)
 (15.0568,-3.31726)
 (9.91685,12.3382)
 (13.2751,11.177)
 (18.1384,1.04019)
 (-9.69019,2.04819)
 (6.63297,4.71666)
 (-8.6993,10.9953)
 (-6.82032,-18.461)
 (6.19886,-11.5183)
 (-12.0146,-28.5132)
 (4.37645,-26.9612)
 (-25.9013,3.796)
 (2.83956,-2.53785)
 (3.74249,-7.55432)
 (-4.60166,-14.2638)
 (5.5798,8.54361)
 (-1.33433,-6.71805)
 (-21.7061,12.0017)
 (10.2359,-23.0841)
 (-6.10318,28.8955)
 (-9.46124,-14.4239)
 (3.90203,-12.6254)
 (5.3363,9.91185)
 (8.79432,17.7196)
 (-11.6404,7.96173)
 (8.08188,-11.614)
 (26.4133,-23.3527)
 (6.90921,-3.1516)
 (-2.08074,-3.21176)
 (14.0925,-9.34073)
 (9.63843,3.88726)
 (19.5825,19.8857)
 (7.01006,27.9434)
 (1.65996,-18.7205)
 (-12.2472,-1.85943)
 (-7.22874,6.17864)
 (7.71483,-11.7339)
 (-4.08497,-7.66987)
 (-17.3854,-7.81192)
 (0.635225,8.36989)
 (7.89308,6.44939)
 (-3.72605,1.99012)
 (26.8031,-0.130165)
 (9.93453,11.0465)
 (-5.68322,6.54666)
 (-12.2191,-4.92001)
 (-15.6961,-30.981)
 (1.05873,5.66384)
 (8.02104,-10.6937)
 (21.139,-10.9968)
 (-7.33311,13.8763)
 (1.61771,5.9671)
 (13.558,-11.0632)
 (-8.15638,-14.486)
 (-21.0273,1.7406)
 (-12.134,13.1161)
 (4.24851,-13.2323)
 (-14.8194,-15.2525)
 (1.42812,-7.67637)
 (-26.4404,-6.37214)
 (-25.6316,18.6036)
 (6.4349,-7.4958)
 (-0.336399,16.843)
 (-11.7976,14.2116)
 (-10.1295,9.63756)
 (8.39553,11.2044)
 (1.69468,27.301)
 (1.62414,-0.86871)
 (-10.3858,7.856)
 (-26.5553,16.1703)
 (-0.117621,-3.73764)
 (10.2565,-7.00023)
 (-20.2847,-13.82)
 (0.521029,6.8099)
 (16.3484,-22.1531)
 (-1.47844,1.43144)
 (-3.82288,8.45484)
 (-15.2122,13.2173)
 (-20.0315,0.617272)
 (6.19053,-10.7283)
 (-2.1376,9.236)
 (-22.0993,-15.0816)
 (11.0206,12.9499)
 (-7.92679,-3.42121)
 (3.86986,-7.10032)
 (-10.7349,1.26015)
 (11.1205,-5.42194)
 (15.6617,18.8216)
 (5.51238,-3.97293)
 (12.4673,-10.862)
 (24.1972,-1.67041)
 (-0.215394,-0.525322)
 (2.41061,11.7703)
 (-12.5264,15.4123)
 (-2.79316,13.9808)
 (0.932853,0.760254)
 (-0.0508821,-5.12367)
 (-24.1341,17.7813)
 (-5.77195,-8.72199)
 (4.95308,-12.5921)
 (-6.36719,-2.33292)
 (1.12302,-23.7352)
 (-32.4912,19.0077)
 (-3.66894,7.62968)
 (-9.32265,18.0322)
 (9.18205,-9.6326)
 (-3.02347,-7.71599)
 (1.84152,-10.8922)
 (-1.80484,1.83305)
 (16.8411,1.57597)
 (-6.83337,6.09766)
 (-15.9649,-6.01785)
 (-2.88011,-2.44867)
 (11.6775,-1.73223)
 (-1.37178,-13.7875)
 (4.25227,-17.1543)
 (-18.8575,5.17216)
 (-2.20868,-10.4465)
 (-4.10849,31.2983)
 (3.8521,-4.31081)
 (-2.25974,23.8711)
 (-26.5369,-8.05837)
 (-8.25105,-14.7096)
 (1.05848,-13.2815)
 (4.72803,-8.56471)
 (-3.52029,-13.4607)
 (-22.7707,24.1368)
 (-4.571,-14.8858)
 (32.8703,12.7387)
 (1.0619,15.4858)
 (-12.3118,-3.75811)
 (-8.91494,22.9784)
 (14.691,-13.7444)
 (17.9041,0.330529)
 (0.838105,-14.9791)
 (-22.7946,4.80341)
 (1.14047,11.0757)
 (1.17811,20.1027)
 (-11.0474,-4.58675)
 (2.6478,15.0677)
 (0.0739689,2.48783)
 (-19.036,1.59441)
 (-1.65566,-8.19392)
 (-9.91079,-19.2573)
 (-0.537911,-2.66713)
 (4.58373,0.619236)
 (-5.67068,6.96374)
 (-0.86778,3.68293)
 (16.5104,6.16535)
 (-23.1433,8.36302)
 (-5.36669,-9.96547)
 (3.10454,5.55198)
 (13.9608,-5.16262)
 (-5.34935,-17.8095)
 (-0.965854,-24.5072)
 (7.5258,-19.6724)
 (-9.21352,-15.1799)
 (3.99974,-4.23669)
 (-19.1232,4.58647)
 (-1.19565,1.64728)
 (19.6118,3.38972)
 (-3.29313,8.83086)
 (-14.4382,-8.32798)
 (12.6771,-16.1663)
 (4.08354,-10.7137)
 (2.6147,-27.1064)
 (-8.16266,8.31575)
 (-6.44834,11.8148)
 (-3.37967,7.82711)
 (21.9402,11.9831)
 (2.73616,3.94537)
 (1.58535,16.5124)
 (13.6981,5.77164)
 (-10.5781,-9.34579)
 (-1.49349,8.95163)
 (4.37788,12.0043)
 (7.08986,22.7874)
 (17.9675,-6.05225)
 (-1.86461,15.002)
 (23.0571,-10.2229)
 (13.7174,4.42811)
 (-16.4876,-12.6913)
 (19.3227,-29.3041)
 (7.53614,10.0224)
 (-4.12232,7.30685)
 (-17.4996,16.5441)
 (5.0298,-28.9262)
 (-7.45954,-9.93276)
 (7.89875,-0.266004)
 (-9.209,-4.5203)
 (6.82296,1.80014)
 (-0.697996,6.28767)
 (1.16042,13.4899)
 (-1.68192,7.69916)
 (-11.0105,-11.8486)
 (2.47599,1.47789)
 (6.45813,7.52526)
 (22.0017,10.375)
 (8.95584,1.35591)
 (18.9034,17.5116)
 (13.2157,4.65231)
 (12.4157,-14.7211)
 (23.0217,3.40784)
 (5.96628,-19.4236)
 (16.7029,21.2533)
 (-24.0022,1.95247)
 (21.2967,21.7113)
 (-0.718986,-2.8951)
 (11.0308,-7.27348)
 (21.2071,29.7173)
 (-7.49408,12.1612)
 (-12.1003,5.06038)
 (-0.221924,1.65114)
 (22.0968,-9.22874)
 (-5.95127,-10.114)
 (-0.54957,-21.0341)
 (4.72657,-4.94991)
 (-10.6542,12.897)
 (3.55194,-24.4873)
 (-12.0935,-19.1693)
 (-14.0135,-11.6692)
 (-4.95557,-5.13203)
 (-4.46087,25.7554)
 (-20.3778,-4.74832)
 (17.6068,-9.85106)
 (6.27106,11.0801)
 (-28.9936,0.733899)
 (9.22509,10.6212)
 (9.38109,9.77191)
 (10.4033,6.64377)
 (-0.554931,-7.72951)
 (-12.126,15.5029)
 (-17.6394,32.4881)
 (-7.48061,-0.282862)
 (-2.54108,16.5629)
 (2.32209,-0.293215)
 (2.93366,3.9209)
 (18.4498,-11.4463)
 (-4.88306,9.09698)
 (12.77,5.53599)
 (-3.07306,3.97745)
 (-2.94475,18.8085)
 (4.05898,0.65788)
 (9.09934,-22.7423)
 (-5.26422,18.0601)
 (-2.74945,-3.98581)
 (20.6717,-2.38249)
 (-8.84232,1.62462)
 (6.63244,10.5615)
 (18.6865,10.607)
 (15.2294,7.35564)
 (-3.57239,6.64246)
 (18.7561,12.3986)
 (25.4823,-9.69523)
 (3.87045,20.2991)
 (-0.10841,-11.1632)
 (-2.41176,-20.2721)
 (23.2193,-6.79158)
 (14.7329,-3.76701)
 (7.43114,9.49955)
 (4.37956,-2.74713)
 (3.28008,-13.8512)
 (-7.97427,2.65567)
 (-21.046,7.11728)
 (-19.2507,-5.86626)
 (15.4263,-7.09985)
 (13.3887,-0.827251)
 (-12.5309,10.744)
 (14.5906,2.36518)
 (-0.103969,15.4311)
 (-0.0992417,-24.7628)
 (-6.6391,10.444)
 (-3.16479,-1.30662)
 (3.08651,8.54551)
 (-11.0949,1.99151)
 (-19.0334,12.5036)
 (-19.5437,11.5035)
 (11.4382,10.2875)
 (7.34752,-6.05923)
 (16.0735,-9.47426)
 (5.71659,10.534)
 (-8.76879,1.65733)
 (18.3944,18.7109)
 (19.2122,-2.7122)
 (-20.5169,28.1633)
 (10.6894,-13.9681)
 (26.1287,30.7338)
 (-21.1922,-26.3459)
 (7.12667,0.368123)
 (-13.7488,12.7708)
 (-7.54696,5.05082)
 (-22.8644,3.34204)
 (-0.165628,26.7758)
 (-10.4244,-36.555)
 (25.4038,-17.3666)
 (-32.3263,31.6624)
 (14.647,9.31224)
 (6.64539,11.1575)
 (5.9835,-45.1592)
 (-1.94025,-17.5865)
 (-8.51511,-3.28544)
 (6.09441,-18.4931)
 (17.4454,21.2286)
 (-5.50441,-3.02765)
 (-1.36038,17.8913)
 (-0.299455,-5.42587)
 (2.90474,5.59038)
 (-10.8279,-13.5487)
 (-15.3695,14.9386)
 (7.20485,13.7284)
 (-11.6118,-9.74231)
 (7.37938,-8.27226)
 (-0.808254,14.9294)
 (-7.12789,-7.58722)
 (-5.24792,8.64627)
 (2.21832,-9.03209)
 (17.0023,30.0869)
 (-1.09284,-31.1573)
 (-6.32916,-13.4421)
 (-0.679914,-8.57732)
 (14.1254,5.25855)
 (-6.12267,30.7168)
 (-1.98923,-14.5597)
 (24.9442,4.56627)
 (24.0131,0.658215)
 (2.72621,-3.65067)
 (4.65708,-3.67123)
 (12.4345,-16.1112)
 (22.2001,-12.9848)
 (1.31586,0.96399)
 (6.961,12.1354)
 (-0.985775,-15.2468)
 (11.6008,-2.44345)
 (4.56514,-7.21341)
 (7.13876,6.2414)
 (-13.0127,5.48079)
 (0.654631,-3.55912)
 (-0.839186,13.1674)
 (-11.6072,11.2176)
 (15.5273,-5.8282)
 (-11.115,2.04536)
 (-28.2565,-5.34859)
 (-8.80309,1.32392)
 (-16.8776,-27.3121)
 (-17.7842,-8.92905)
 (8.69104,10.2553)
 (-1.63818,11.6419)
 (10.1439,30.6623)
 (-9.31081,12.7573)
 (26.6643,-24.4122)
 (2.35443,3.11676)
 (-5.49345,-3.77788)
 (-7.22562,4.91028)
 (-11.8992,-2.14952)
 (7.94337,-11.0901)
 (-5.72168,-10.8703)
 (-11.9255,2.64636)
 (7.72616,-3.79679)
 (0.968413,-7.56505)
 (-9.62334,3.21085)
 (9.16429,-11.8374)
 (13.3245,-5.53311)
 (-15.1816,5.09333)
 (10.4137,5.24791)
 (-7.23183,3.83535)
 (-12.8936,27.2429)
 (1.56743,-9.78613)
 (0.658906,-17.0431)
 (10.7085,3.50118)
 (-14.8236,20.3946)
 (7.81732,16.0462)
 (-1.95508,12.2154)
 (-29.8224,21.3582)
 (2.92698,17.9379)
 (-3.36627,-1.73716)
 (-1.46966,21.9635)
 (0.402526,-9.54183)
 (-2.40808,-7.0639)
 (1.17575,9.82171)
 (7.21276,12.9284)
 (-6.45511,-0.89114)
 (-12.7021,-14.1198)
 (10.9621,13.4566)
 (-6.9415,0.600793)
 (15.5058,-13.7448)
 (11.2533,-5.21178)
 (-21.4335,-15.3845)
 (-6.30734,20.8989)
 (14.0647,-13.5764)
 (3.10689,6.24838)
 (3.66167,8.72593)
 (25.938,-3.95867)
 (7.9166,0.194613)
 (17.54,-17.1171)
 (-17.6303,2.48365)
 (-7.70492,15.3297)
 (2.80479,-16.7974)
 (-0.331673,-7.03423)
 (-18.0125,-7.44207)
 (2.81594,4.92864)
 (2.56437,-21.9114)
 (15.0503,-11.0004)
 (0.302855,18.1626)
 (-16.5078,-2.89332)
 (-5.96667,0.5833)
 (-20.0604,-16.4578)
 (3.59859,-1.18503)
 (9.08517,-5.26064)
 (-6.38018,0.127614)
 (-7.82169,-13.984)
 (-19.4699,-17.007)
 (8.50467,1.27536)
 (4.37164,-13.0199)
 (-1.17351,-0.268775)
 (-4.16833,13.4256)
 (-6.3567,-9.41973)
 (-0.778218,5.23089)
 (-12.461,-10.7014)
 (7.20261,6.28632)
 (-10.8618,-0.0524266)
 (5.39189,14.733)
 (8.38048,7.15796)
 (1.61751,16.2764)
 (-2.48839,3.3882)
 (-9.12563,-1.76453)
 (-8.10226,-21.45)
 (8.09337,-13.4704)
 (-23.3498,13.5345)
 (-5.72386,15.8977)
 (16.0833,-16.9117)
 (6.13537,18.188)
 (18.797,-10.6414)
 (-29.348,6.09361)
 (4.09365,-14.7341)
 (-13.9136,15.2828)
 (-17.9206,4.22952)
 (18.3455,-1.29621)
 (-13.6991,-11.478)
 (16.6099,-1.45667)
 (-29.2488,15.4691)
 (-3.13014,26.5362)
 (5.14256,15.2246)
 (-7.27157,-0.620381)
 (2.76256,-30.9546)
 (-20.7262,9.63779)
 (2.09011,-14.9328)
 (-3.07754,-2.83401)
 (10.374,6.16604)
 (22.498,-4.08136)
 (3.69336,25.6237)
 (-1.32777,-22.5224)
 (-12.2248,-14.0351)
 (1.82244,25.8563)
 (-18.947,11.5596)
 (-6.69661,2.63876)
 (-13.3053,-17.3828)
 (11.0448,3.45338)
 (14.4852,-21.7154)
 (11.7681,-7.97263)
 (-4.85486,-15.5757)
 (-27.7073,-11.0029)
 (-0.120265,-31.6)
 (11.9436,-11.772)
 (15.842,13.0408)
 (13.3849,6.43862)
 (-6.23846,-12.2619)
 (-23.9383,7.44664)
 (1.81906,24.095)
 (18.5669,-22.4192)
 (11.6857,-5.52113)
 (7.03679,2.16504)
 (-2.70184,-8.4997)
 (2.0127,-5.61204)
 (11.7098,-14.5277)
 (-16.9701,3.86662)
 (0.609383,6.26256)
 (1.56957,-2.34527)
 (-11.5082,11.2928)
 (-1.82986,4.61953)
 (5.11674,-8.76917)
 (15.2242,-12.8011)
 (1.40652,-10.4928)
 (-1.0566,-6.05849)
 (19.6579,11.0958)
 (-21.9517,5.00814)
 (-11.7135,23.8809)
 (3.10805,-8.01163)
 (14.2875,3.73185)
 (-11.4156,-10.0139)
 (6.53254,-16.7304)
 (-5.66201,9.46784)
 (-5.99893,5.23142)
 (3.3977,-26.8987)
 (-12.5582,35.1389)
 (-11.4373,12.9615)
 (4.54918,7.9532)
 (13.5163,0.793723)
 (-8.24818,6.78419)
 (-4.89314,6.86635)
 (-0.673229,3.19106)
 (0.268656,17.5269)
 (20.5702,12.1979)
 (-2.6188,1.32097)
 (-29.0339,-12.6257)
 (8.45028,-16.2152)
 (-29.0622,5.00287)
 (4.97299,-8.90157)
 (6.49389,8.24626)
 (-8.19858,-16.8069)
 (-21.9029,8.76215)
 (-0.967272,23.1715)
 (-13.9522,-0.873559)
 (-8.38129,-12.5642)
 (8.69464,-1.22056)
 (-3.44263,12.8142)
 (-13.1983,8.32282)
 (-14.7245,-7.96759)
 (8.14203,15.4967)
 (-2.64162,-16.6886)
 (21.0962,0.913399)
 (11.3108,-26.9045)
 (-3.71774,-1.08741)
 (-19.3356,0.693384)
 (12.1454,14.0025)
 (-17.2313,-4.34214)
 (17.2366,18.9881)
 (-5.55957,14.7889)
 (-2.61047,4.52687)
 (-3.50143,0.41817)
 (11.8793,-4.03412)
 (17.3332,29.414)
 (7.0479,-9.90828)
 (-5.02175,15.981)
 (0.86861,8.67254)
 (-14.076,-26.4186)
 (-11.6487,0.60393)
 (0.0330008,24.2756)
 (-30.8783,-16.9495)
 (8.7244,-7.65768)
 (15.7562,9.54957)
 (5.64817,-12.3436)
 (9.01361,7.06271)
 (-11.9576,-19.1727)
 (10.1081,-3.04154)
 (5.64887,-4.94025)
 (-26.3341,7.94819)
 (-1.6801,-0.470429)
 (19.0719,12.712)
 (-16.4504,21.0992)
 (12.08,2.84011)
 (-15.9826,-0.153413)
 (-15.2501,3.72398)
 (5.08796,15.6548)
 (-5.75425,-0.665432)
 (5.44053,3.07393)
 (-3.4025,5.24086)
 (1.2413,2.20517)
 (3.13328,-13.9229)
 (5.09492,10.589)
 (-12.7705,-0.516312)
 (0.254615,-34.2367)
 (-13.5147,-1.81598)
 (-5.83035,7.53325)
 (-31.6562,-2.26939)
 (13.8872,-2.26117)
 (8.38258,-11.2352)
 (10.4766,-1.34884)
 (1.25623,23.0953)
 (-0.332409,-15.1673)
 (18.8617,-14.2165)
 (-1.09827,12.4785)
 (16.9833,-1.46631)
 (15.8754,-5.12207)
 (-2.07164,-1.17838)
 (0.490515,-2.04821)
 (-23.8701,-3.52232)
 (-16.7528,-7.50776)
 (-9.12643,6.93873)
 (18.0544,14.4358)
 (-18.4467,1.79861)
 (10.9158,-11.268)
 (-0.35744,-12.1641)
 (24.8846,3.36398)
 (-22.4641,2.91444)
 (27.0749,7.48892)
 (-9.15842,3.45966)
 (-5.39725,-20.6377)
 (-5.92379,-3.70983)
 (-23.1345,-21.2135)
 (2.91128,-7.86706)
 (-14.3514,-1.94024)
 (8.91701,-5.06944)
 (-20.9789,-3.59981)
 (10.842,-30.8458)
 (-5.15033,-32.3518)
 (-16.2426,-11.9819)
 (10.8716,-12.7167)
 (-19.9629,3.9623)
 (5.73221,-5.64203)
 (14.082,11.9597)
 (-4.04011,9.97225)
 (-1.5953,5.64279)
 (17.5449,-19.6161)
 (-3.47547,-27.9941)
 (26.1845,22.8959)
 (10.247,36.806)
 (13.2362,14.5112)
 (10.7553,11.1827)
 (8.63516,0.236374)
 (-0.520178,-12.8157)
 (19.8163,7.23004)
 (-10.7296,-3.69534)
 (-5.90697,12.0933)
 (-10.069,-4.19323)
 (-14.242,-8.97467)
 (19.6017,15.5081)
 (-6.63641,5.29262)
 (6.5664,0.498055)
 (36.756,-14.8329)
 (-1.15881,10.2732)
 (-25.3558,3.89459)
 (1.00334,-6.50033)
 (-2.9132,-1.00771)
 (1.053,4.289)
 (24.5762,-12.8145)
 (-2.88527,4.28411)
 (24.0004,7.24686)
 (-14.8421,12.2141)
 (14.1047,-12.4271)
 (4.40509,16.1798)
 (-7.71619,17.758)
 (18.0281,-5.15866)
 (-10.2013,16.0853)
 (18.7508,-18.2422)
 (-10.5418,4.28501)
 (2.68329,-3.35879)
 (9.34184,-21.0405)
 (-26.1114,10.857)
 (8.30928,-6.78269)
 (-22.0085,1.99661)
 (-1.48135,7.98666)
 (-3.05089,24.4821)
 (-10.4029,-3.7525)
 (14.7127,-9.76618)
 (-4.46411,-1.233)
 (-2.62255,-4.44035)
 (-14.8545,-1.76391)
 (-1.10174,-13.3668)
 (-0.687975,-26.5851)
 (-16.9464,19.3831)
 (13.4618,10.4724)
 (2.14872,-1.62933)
 (-33.5029,9.33047)
 (-9.56492,-3.6065)
 (4.52823,22.8668)
 (-13.3653,6.01515)
 (1.92916,2.71385)
 (20.7948,14.756)
 (3.21171,20.4001)
 (-5.20017,10.6284)
 (-2.03197,-11.3749)
 (-5.48703,2.88816)
 (15.0141,23.3333)
 (17.6913,-5.708)
 (6.60928,-11.2965)
 (-6.06821,20.5291)
 (-5.57354,-6.19125)
 (0.593066,10.2291)
 (-2.70056,-9.9471)
 (18.4506,2.55171)
 (1.81467,-5.41178)
 (2.90987,21.7505)
 (0.0798073,-28.3053)
 (-3.04091,5.75279)
 (-4.06056,-10.2262)
 (10.7643,-23.127)
 (-7.55868,8.6798)
 (1.37287,3.5323)
 (-11.6604,-36.8071)
 (-5.63122,4.41855)
 (10.5619,-13.2889)
 (7.28131,-15.341)
 (-2.13548,-10.93)
 (-14.4504,5.11296)
 (-18.6302,1.0349)
 (-7.45615,19.7107)
 (19.6603,-12.5856)
 (-4.06513,5.95762)
 (17.7449,-2.10379)
 (5.52778,15.0096)
 (14.5401,4.5049)
 (18.0399,36.1056)
 (2.35532,24.8843)
 (-10.7747,-12.8829)
 (4.34631,-16.4336)
 (5.26694,-32.5289)
 (-11.2688,11.5371)
 (1.70732,-2.27754)
 (-15.3356,27.1865)
 (3.41108,-3.04051)
 (-24.2252,2.07205)
 (-5.49745,4.93255)
 (-18.4478,13.116)
 (-22.1452,10.1605)
 (3.20749,-13.4411)
 (12.1543,12.8129)
 (17.8809,16.1589)
 (21.3397,21.6017)
 (-14.6843,17.1545)
 (2.95976,-1.41878)
 (-3.21707,-8.90724)
 (-43.8256,5.64325)
 (6.78958,19.7809)
 (9.32023,-15.8536)
 (9.77222,-0.130534)
 (14.6085,-9.63109)
 (-0.408359,-4.81512)
 (6.1576,1.7057)
 (-5.49485,15.5147)
 (5.06841,-13.7353)
 (-1.04808,4.03187)
 (12.5935,-1.4111)
 (-3.8469,1.04411)
 (21.5264,2.54758)
 (-2.12064,4.68396)
 (35.5561,-14.3031)
 (18.0532,27.0127)
 (-8.85932,-6.48785)
 (5.49021,26.2412)
 (9.3895,-4.19471)
 (4.29243,3.03507)
 (-15.8019,12.1188)
 (15.9669,12.2714)
 (-18.9999,8.17688)
 (-21.1813,-3.40421)
 (-19.9417,7.89232)
 (2.35165,13.6746)
 (-2.75936,-8.77639)
 (1.59662,17.8884)
 (28.089,27.4215)
 (-26.376,7.74416)
 (10.3073,-8.5359)
 (9.85234,-7.35069)
 (11.4716,-2.60826)
 (21.8133,8.06313)
 (11.8079,12.4194)
 (9.58909,1.63384)
 (-7.39931,6.4758)
 (1.01688,18.6594)
 (-29.3871,3.17168)
 (-7.81721,-1.52686)
 (17.4718,-2.15069)
 (1.23217,12.1777)
 (2.72985,-0.39303)
 (2.04901,8.23468)
 (-2.05595,-16.1119)
 (-10.7623,-27.7222)
 (-1.49836,-4.97373)
 (34.1806,-5.02198)
 (22.0193,-2.43672)
 (-11.3612,6.58692)
 (17.6028,6.75068)
 (7.38886,-17.6982)
 (3.081,-1.49438)
 (6.37688,10.3892)
 (3.62084,3.19892)
 (-7.00745,-16.9812)
 (14.6554,4.5597)
 (4.72943,-16.9103)
 (13.7399,25.7108)
 (-10.1048,26.3333)
 (-22.4542,-4.71888)
 (15.7153,3.81258)
 (10.9357,-4.22224)
 (13.287,-23.5774)
 (12.8104,15.877)
 (8.73149,19.1918)
 (2.07549,-24.5281)
 (17.0645,-19.882)
 (8.23458,-12.8012)
 (9.00563,-15.6849)
 (11.2674,-9.6028)
 (-7.56726,-0.268099)
 (-11.9537,4.60798)
 (8.40898,-5.62818)
 (21.9819,-13.8514)
 (2.59896,10.6509)
 (-11.5757,-3.0867)
 (8.14338,14.2558)
 (3.47854,5.10819)
 (30.5663,15.4103)
 (-8.41049,2.1647)
 (18.5548,-25.5212)
 (6.84051,13.6833)
 (-21.1515,-5.08213)
 (11.1151,-8.53419)
 (4.07385,4.18603)
 (-17.8915,-3.91333)
 (-0.981101,-8.18692)
 (-0.249147,16.0441)
 (5.73044,-10.8627)
 (-3.40646,-14.3219)
 (11.2484,-2.53822)
 (-11.9004,-1.68072)
 (3.0179,6.70364)
 (-6.45685,-6.47763)
 (-0.470299,-8.44139)
 (17.1007,-26.5084)
 (-14.9428,27.3941)
 (22.2623,9.60954)
 (17.6735,8.70098)
 (5.20054,-12.7036)
 (-18.929,-4.45168)
 (-16.6563,-9.20729)
 (20.9102,5.08488)
 (-16.8032,14.7179)
 (-0.867553,-2.50914)
 (-1.47851,-4.61059)
 (-8.04968,19.1396)
 (25.6502,-13.0076)
 (8.7036,-17.3035)
 (9.04343,21.3342)
 (5.78304,14.3924)
 (35.6771,-9.61234)
 (-10.893,-5.14659)
 (3.81057,-6.88334)
 (-15.7078,-1.74954)
 (23.5437,-5.808)
 (-1.99006,-2.29045)
 (-0.336862,9.92694)
 (1.42886,-17.7454)
 (5.19333,-3.51217)
 (16.5608,-10.2451)
 (-10.6418,18.0772)
 (13.794,-14.2415)
 (13.4492,4.76584)
 (-4.71185,5.2026)
 (-0.673866,4.0078)
 (12.2859,10.2006)
 (14.3364,-14.8055)
 (-4.30921,-1.65073)
 (1.29248,-18.308)
 (-11.6238,-25.0891)
 (17.6669,-20.1497)
 (1.32639,8.44446)
 (-33.6498,9.13382)
 (-7.19869,17.7505)
 (-2.20598,9.05075)
 (-0.907545,-3.39329)
 (1.61542,-10.2132)
 (5.61797,23.2187)
 (9.73756,-22.101)
 (2.28254,9.02957)
 (2.00628,-6.19753)
 (2.78746,-4.7357)
 (-7.1463,14.2399)
 (-10.1295,2.69781)
 (-0.925337,-25.7373)
 (-18.4952,11.4912)
 (-3.73948,-1.2602)
 (27.4173,0.589543)
 (-11.7083,-21.1082)
 (30.3106,-1.69597)
 (-2.42204,-6.23129)
 (-9.73684,24.3301)
 (-12.5945,-5.46065)
 (0.270356,14.7737)
 (-11.5481,15.9655)
 (-32.6246,6.36543)
 (-12.2918,20.3409)
 (-15.0964,-17.1286)
 (-2.84834,-32.006)
 (14.6379,1.17075)
 (-1.23689,14.7016)
 (-9.15817,-4.10391)
 (16.5696,0.636935)
 (-8.89368,20.649)
 (20.6585,-9.04244)
 (-7.51419,-1.33822)
 (11.1059,20.8791)
 (-3.34261,10.4645)
 (13.7241,12.8079)
 (3.98765,-1.15332)
 (-6.81384,10.3407)
 (-17.6983,18.9498)
 (0.727792,-3.79744)
 (4.20139,-4.58023)
 (14.6849,6.33681)
 (4.40983,-27.7829)
 (-25.844,3.8247)
 (13.8643,15.4832)
 (-2.25611,14.5035)
 (7.41859,8.01003)
 (-6.74997,-0.331614)
 (18.7774,18.9557)
 (-3.9445,-0.207546)
 (-11.6369,-3.58894)
 (-1.23742,15.243)
 (3.48037,-26.9127)
 (-19.5317,1.43298)
 (-26.1605,17.651)
 (-3.60362,-12.2456)
 (-21.6535,13.098)
 (2.88694,-24.9328)
 (7.86203,8.06567)
 (11.8969,2.01075)
 (2.01436,-12.707)
 (-3.35947,-4.2953)
 (17.9854,-0.762651)
 (-6.5278,-19.2765)
 (-20.2645,-2.98624)
 (3.44508,-13.8084)
 (-42.4427,20.1549)
 (25.7661,0.911768)
 (3.31677,9.28118)
 (-3.70052,4.2745)
 (-5.08687,-1.62127)
 (14.9626,7.0145)
 (13.9902,6.94903)
 (7.873,-12.4594)
 (-2.63149,-14.8101)
 (8.03362,11.3555)
 (-8.59795,-3.23336)
 (-9.90641,6.5168)
 (-2.45309,15.8533)
 (5.09966,-6.10885)
 (-22.1524,2.2014)
 (13.5679,1.56075)
 (-10.4298,-9.26213)
 (-16.0059,-4.95216)
 (13.228,-4.54467)
 (2.12469,-8.95002)
 (-9.8651,2.53435)
 (24.7442,4.21459)
 (-14.2177,-1.8935)
 (1.09069,-5.13087)
 (35.4596,-5.85815)
 (11.4703,-1.72705)
 (-16.7974,-6.7588)
 (12.7192,-29.8696)
 (1.56011,-23.1157)
 (3.5662,-2.96263)
 (8.63529,6.12966)
 (5.54944,13.4772)
 (9.261,-17.0452)
 (7.7075,9.4622)
 (-17.8357,-12.8764)
 (7.90537,-12.1848)
 (0.347332,19.2519)
 (-4.35472,15.9242)
 (-18.3401,-21.5067)
 (12.622,18.488)
 (-21.4485,4.46674)
 (12.5649,22.8615)
 (5.72289,-12.0332)
 (12.0346,-18.8201)
 (-11.3955,-7.97675)
 (-14.8421,-11.0536)
 (7.534,8.01518)
 (13.7979,29.7756)
 (31.4302,8.19326)
 (-2.18349,-8.19408)
 (3.11472,-13.6682)
 (0.888332,3.47843)
 (-32.2801,6.47372)
 (10.0771,-4.11062)
 (5.3778,-28.9769)
 (14.0117,-12.616)
 (0.562845,19.8816)
 (2.51343,28.0758)
 (20.4695,-21.3295)
 (9.81099,-12.7496)
 (17.5868,14.0706)
 (-19.4327,-1.74545)
 (-24.767,15.4936)
 (-9.80846,0.351062)
 (0.918121,6.99274)
 (-9.55901,-8.60756)
 (-0.219322,5.86851)
 (-5.3308,9.49895)
 (17.5499,1.14345)
 (25.5344,-9.85884)
 (-22.0868,12.4582)
 (-18.4628,-5.91375)
 (-20.2687,-23.9358)
 (-4.54548,38.1423)
 (-12.7326,-5.54173)
 (-9.50432,-11.1857)
 (-8.42249,1.85934)
 (0.59879,6.54247)
 (-11.3713,-9.05617)
 (-11.8509,-4.59884)
 (-5.41303,17.0066)
 (-7.81121,-12.9472)
 (-5.31748,-5.6499)
 (2.34699,9.62802)
 (12.8619,14.6437)
 (6.41222,-11.2219)
 (-24.8671,-9.79053)
 (9.59753,31.9124)
 (-5.27901,-3.7768)
 (-11.6303,-4.4797)
 (-6.30127,-0.147248)
 (-0.0978303,1.04137)
 (13.3871,4.59268)
 (-14.0662,-10.2992)
 (9.4376,14.5625)
 (1.85631,-4.61491)
 (17.8354,-14.4139)
 (6.05615,-14.2747)
 (2.01387,-8.22749)
 (-19.9066,-3.22546)
 (19.0055,-7.92895)
 (5.12542,13.6969)
 (4.68677,-5.62791)
 (6.30083,-3.55159)
 (13.0262,-17.9865)
 (-21.8129,-7.24882)
 (-12.1284,8.39532)
 (2.03592,-16.9422)
 (-8.2057,-6.41475)
 (19.5773,-0.0874863)
 (-6.88381,5.55133)
 (14.452,3.69411)
 (-15.805,-9.03611)
 (2.09962,2.63109)
 (-7.02877,-3.79018)
 (20.1463,32.5231)
 (-18.0055,11.8504)
 (-21.2284,9.15632)
 (-0.950449,-7.22162)
 (3.70534,5.91522)
 (-17.5986,-2.64179)
 (15.8297,14.1818)
 (28.9273,-16.959)
 (0.912321,-15.4684)
 (-10.6404,-2.65663)
 (11.1197,-4.77761)
 (-6.67074,-19.1068)
 (-1.70397,-17.2654)
 (-9.71964,-6.26402)
 (-16.189,-12.6085)
 (14.53,24.3645)
 (4.35696,4.24981)
 (-8.52111,7.79437)
 (-7.03671,-8.39927)
 (-8.70207,6.91056)
 (2.38689,-12.1749)
 (-1.5247,0.567836)
 (-4.60783,-18.1363)
 (-8.99271,-10.4987)
 (-0.0692444,-0.133845)
 (24.8058,-14.5642)
 (32.2522,-0.0822549)
 (11.9438,24.8344)
 (31.8499,-17.3853)
 (15.0327,-2.21263)
 (5.70179,7.67557)
 (2.4437,-21.8307)
 (24.1134,-30.0584)
 (-3.90229,10.3472)
 (-17.5404,-9.4142)
 (11.7936,-1.99759)
 (5.35994,28.1844)
 (12.1684,4.10687)
 (-4.22829,-15.2266)
 (2.91546,13.7233)
 (9.33152,5.15452)
 (-4.18691,-9.0502)
 (-15.1512,12.1056)
 (2.13186,14.8634)
 (-12.9724,14.5676)
 (-0.311975,4.62385)
 (0.339644,-4.29112)
 (-18.1351,18.9704)
 (8.92319,27.9944)
 (20.358,20.477)
 (8.62018,-2.1409)
 (8.68222,-4.41698)
 (7.12408,19.5636)
 (-7.03342,21.4818)
 (20.7677,-4.81658)
 (-17.0781,25.7438)
 (-21.1469,-3.15434)
 (-22.7922,-3.43506)
 (13.6141,-19.3416)
 (17.2115,-6.27703)
 (2.17894,6.57638)
 (14.9806,-2.25485)
 (-4.30994,0.536441)
 (-14.2857,-24.7185)
 (-6.15542,-9.02075)
 (2.0702,-22.9899)
 (-4.65565,20.9423)
 (-8.71877,2.7882)
 (-7.44656,-19.0942)
 (-2.68596,17.6885)
 (11.7618,15.6374)
 (1.04026,3.24767)
 (-20.6028,5.27936)
 (33.6898,7.61522)
 (-11.2577,-4.69252)
 (-10.3025,9.13525)
 (-1.63479,-8.8885)
 (-11.5049,0.38508)
 (21.3688,0.743739)
 (-11.496,-24.6319)
 (3.08533,6.19183)
 (-11.8578,10.6414)
 (-4.19671,22.8827)
 (3.86373,23.508)
 (14.5136,6.55886)
 (-8.16227,2.44576)
 (12.0788,13.873)
 (-0.79035,12.2792)
 (-6.65888,1.6437)
 (1.67533,6.59249)
 (18.774,-9.28398)
 (-14.3898,-27.3376)
 (-0.337781,24.0798)
 (25.3692,12.1439)
 (9.53377,10.3089)
 (7.76233,-9.57986)
 (-10.9197,15.5484)
 (-9.47789,4.80879)
 (0.236671,-17.2698)
 (3.48824,-7.42937)
 (36.3976,-10.7266)
 (-14.169,-13.9821)
 (-4.70022,-20.7773)
 (9.64089,-0.182856)
 (6.65784,2.65176)
 (3.63295,3.55465)
 (5.48515,10.7895)
 (6.60386,-17.3246)
 (13.7663,17.7344)
 (-14.957,-0.437304)
 (11.7598,10.7751)
 (-0.040453,-14.182)
 (3.26426,9.10733)
 (15.9591,13.8036)
 (8.42075,5.79598)
 (-0.912004,-0.993226)
 (4.78036,14.1505)
 (4.07912,2.85215)
 (11.3593,-6.68996)
 (14.1248,-0.785858)
 (9.82494,8.69703)
 (-25.0879,-7.2949)
 (2.42679,15.3706)
 (-5.05876,9.59836)
 (1.20299,1.97004)
 (16.9908,-14.7597)
 (-28.7612,-12.2639)
 (-2.86615,20.4821)
 (-14.3667,0.630112)
 (12.3639,15.1644)
 (28.6074,0.687094)
 (-12.7807,-0.340014)
 (-27.1943,-19.2014)
 (13.136,-7.5769)
 (21.903,0.547598)
 (6.35362,-12.6438)
 (10.8515,3.92303)
 (-26.2638,-5.06946)
 (-3.33431,-28.0061)
 (17.5294,6.31004)
 (15.7313,-19.3081)
 (-20.1545,-7.37437)
 (20.9095,-7.38147)
 (4.73936,-9.1687)
 (21.6424,2.63429)
 (-15.8428,11.9466)
 (4.41072,-5.68873)
 (-1.1306,-0.695975)
 (-11.0269,4.70342)
 (-9.21734,-7.58662)
 (14.5968,-12.826)
 (8.87001,13.1188)
 (-23.856,-4.37547)
 (4.58333,-9.07253)
 (10.8266,-20.064)
 (-17.542,-14.5952)
 (17.625,-8.25805)
 (-11.4844,2.51985)
 (4.66239,-17.735)
 (-11.2831,6.19054)
 (-3.84961,16.1919)
 (-5.82342,8.09534)
 (2.66378,-3.52874)
 (10.2991,16.2355)
 (9.63832,-5.11142)
 (-17.245,6.17124)
 (4.91797,-6.09923)
 (-7.49146,-3.26627)
 (-0.272167,-14.2518)
 (2.25916,-11.7127)
 (2.9587,12.1205)
 (-4.85372,-28.4611)
 (-7.94676,8.34721)
 (14.7607,-15.2679)
 (-10.5634,-4.09881)
 (4.8194,-11.2974)
 (1.15763,10.4922)
 (-17.0426,11.7982)
 (15.714,-2.49272)
 (19.9347,-0.571837)
 (-2.96874,-16.4773)
 (-10.9361,-0.659181)
 (-11.8464,7.93246)
 (1.68306,3.27527)
 (20.7937,-13.8025)
 (-10.5446,-1.68793)
 (12.943,15.7963)
 (-9.91177,4.98567)
 (-18.4972,-3.80849)
 (1.15218,-1.17469)
 (-12.9092,7.55705)
 (9.18817,18.0345)
 (22.8592,3.30414)
 (14.7181,-5.06717)
 (1.09233,0.409708)
 (-1.93426,-13.5528)
 (11.696,12.3516)
 (8.42004,-4.03446)
 (-5.98981,-17.0441)
 (22.2185,-2.4404)
 (-3.19774,-30.5422)
 (25.1451,-24.8112)
 (21.5848,-3.29293)
 (3.35807,6.44698)
 (-15.4031,9.40412)
 (6.01325,-5.42196)
 (-8.91699,12.0927)
 (-3.18336,16.747)
 (13.8627,-14.7744)
 (-8.8856,5.62632)
 (1.40527,-8.34457)
 (-7.56182,0.628509)
 (-18.6554,-16)
 (3.59209,-2.37886)
 (8.47389,-6.02101)
 (3.70082,10.6145)
 (19.1758,-3.14632)
 (19.9571,-9.32436)
 (-11.9505,-1.24685)
 (3.94868,-17.8606)
 (14.6195,-11.3028)
 (-14.5323,-21.8293)
 (-4.63733,-4.636)
 (15.0304,15.3597)
 (22.1724,-4.70217)
 (-5.18018,17.2163)
 (-12.7874,-13.6684)
 (24.0319,4.98848)
 (-2.65471,-8.35083)
 (-7.18576,-33.8347)
 (-4.48922,-20.209)
 (5.35698,12.1381)
 (0.486021,13.8469)
 (-35.4583,11.3486)
 (5.12691,-15.1005)
 (-24.9736,-16.7743)
 (-3.0045,-1.62086)
 (-0.930454,16.3986)
 (34.5003,27.7036)
 (-12.0863,22.9742)
 (22.0889,-9.57592)
 (-12.2212,2.52806)
 (5.57449,-6.4514)
 (-7.8178,16.2893)
 (16.9165,17.3571)
 (3.33344,-4.10535)
 (-24.7628,6.15069)
 (-12.5393,-7.77057)
 (-19.2677,4.66536)
 (24.8547,10.0311)
 (3.0593,-14.2013)
 (19.4406,19.5213)
 (9.42679,2.5351)
 (14.0013,-20.6344)
 (-5.33675,3.01114)
 (3.43014,-2.82318)
 (-8.14869,-7.63617)
 (1.83312,-1.91022)
 (-10.9855,-2.97257)
 (2.74413,19.154)
 (-20.0676,10.0433)
 (-6.66518,-6.50647)
 (-24.3429,-3.26898)
 (-5.15842,8.47338)
 (-10.3591,3.54051)
 (-3.0454,-6.58593)
 (-4.23542,-23.7467)
 (-9.39284,-1.04316)
 (-16.5898,10.6598)
 (15.8049,-17.6693)
 (-0.361395,-5.13026)
 (13.322,2.28235)
 (11.6777,5.41913)
 (11.6291,-1.14385)
 (12.2065,-8.52627)
 (10.4328,1.85055)
 (4.85641,-11.4763)
 (-8.91187,10.7016)
 (10.3005,16.2177)
 (3.70515,-32.5481)
 (20.6768,-10.5331)
 (7.50845,6.96057)
 (18.0342,-9.55169)
 (-5.20003,34.1993)
 (1.00406,-19.9586)
 (-13.06,-18.638)
 (-8.67716,1.87212)
 (0.0142059,19.0976)
 (-17.3844,-6.71771)
 (-27.9403,10.7943)
 (6.05458,-2.89794)
 (-1.41761,24.9473)
 (11.0267,-5.95737)
 (0.571811,-1.54894)
 (7.18574,2.0995)
 (5.70888,2.75411)
 (-17.8108,-11.6751)
 (8.72746,-9.24102)
 (-16.5016,14.5891)
 (24.7724,-18.4485)
 (15.2736,-8.20947)
 (3.97717,-5.94855)
 (-8.00276,-9.32858)
 (-9.09828,37.5437)
 (-14.3674,15.8661)
 (7.4311,-15.9558)
 (-7.99861,-17.8043)
 (-25.5661,-4.81367)
 (-8.93783,7.03468)
 (-9.00609,7.96837)
 (3.95305,-1.48122)
 (-16.2614,-16.2987)
 (-9.0603,-9.88085)
 (3.10163,-20.1957)
 (-3.14281,-12.7917)
 (-5.98077,1.91546)
 (-13.2263,-3.04875)
 (14.3948,9.08852)
 (11.1931,8.40633)
 (5.29893,-12.6443)
 (-8.58031,-5.80417)
 (0.844669,-14.433)
 (-12.245,-12.7376)
 (-10.7217,-24.2541)
 (-11.3471,3.62307)
 (-3.53747,3.98112)
 (-11.0413,-0.142822)
 (7.69663,7.79252)
 (17.1963,-11.9465)
 (-18.8045,5.73385)
 (9.28804,-12.197)
 (31.1666,-3.19928)
 (13.2538,-3.14868)
 (-18.3972,9.23382)
 (11.0743,10.6577)
 (13.8917,7.02764)
 (17.0019,3.83188)
 (6.31177,-13.0248)
 (-7.53083,5.02786)
 (4.51932,-1.67635)
 (-0.925401,-10.6876)
 (7.2995,-10.629)
 (-12.4513,-1.4584)
 (10.4458,-26.6829)
 (17.9598,5.2177)
 (-10.9968,-25.7054)
 (9.9573,-43.9105)
 (1.63935,16.1229)
 (12.2771,-7.16767)
 (4.96529,-6.67791)
 (0.358836,6.49775)
 (4.5052,29.6081)
 (-4.909,6.3257)
 (23.925,-3.36065)
 (-16.2783,-2.94342)
 (-14.3045,-0.807813)
 (-2.16763,19.0434)
 (14.0628,-7.30305)
 (5.15676,5.11058)
 (-7.47896,-5.61509)
 (-1.53137,15.8768)
 (21.7921,-1.1191)
 (-13.1443,-14.7761)
 (-6.46802,-3.63209)
 (5.14341,28.6809)
 (-16.3535,4.11514)
 (0.989653,8.85038)
 (-8.92074,-3.59481)
 (4.03216,1.09035)
 (-1.48548,5.04038)
 (10.267,15.3563)
 (6.58063,13.446)
 (25.2454,-4.5117)
 (-12.4967,-27.0657)
 (-1.79406,14.4441)
 (-27.9693,-11.8561)
 (-4.2923,-13.3876)
 (-7.46333,13.0206)
 (13.1836,-6.07842)
 (2.79352,7.3905)
 (19.6281,-1.35903)
 (19.1333,-5.69758)
 (1.50382,-10.4522)
 (-10.861,-23.7417)
 (-11.1014,26.3761)
 (6.12713,14.1617)
 (-4.77583,2.86199)
 (1.01071,-11.3218)
 (-3.72406,8.59314)
 (-8.01893,-3.51016)
 (-29.7821,23.9045)
 (4.13373,-0.632369)
 (-1.38388,-2.73896)
 (27.9366,29.6485)
 (12.4647,-9.69318)
 (3.86068,-3.84318)
 (15.8672,-9.85453)
 (14.2037,-1.22367)
 (-18.0567,15.2985)
 (12.2354,-1.04588)
 (-9.37432,-6.38854)
 (20.7299,-14.3961)
 (11.1827,-17.6687)
 (8.03819,8.65518)
 (1.09635,8.75479)
 (6.93983,10.4765)
 (5.5773,9.9792)
 (-7.34955,19.8137)
 (-20.9963,0.0508971)
 (-16.9239,15.8683)
 (-5.53679,5.44051)
 (-6.1517,-7.36352)
 (15.0425,-0.412391)
 (5.30819,11.7845)
 (2.48323,-9.43573)
 (8.62059,4.15288)
 (21.7872,-19.0228)
 (9.69171,0.164223)
 (-2.60396,8.9369)
 (-9.68821,-27.0497)
 (-4.48443,-11.7787)
 (27.7753,-0.0469999)
 (6.27272,-10.0149)
 (0.695632,-14.3791)
 (20.0513,6.83244)
 (1.33469,11.4035)
 (3.56487,-3.09884)
 (1.17614,-13.6847)
 (-14.0406,9.78494)
 (8.81933,-4.91097)
 (-0.211133,-7.13994)
 (5.91735,-9.37867)
 (2.05825,-22.2076)
 (-1.83501,-6.12609)
 (-1.89208,13.3517)
 (17.0009,-2.94077)
 (4.4763,18.9879)
 (0.450965,12.6494)
 (-5.42941,-22.4272)
 (-10.6084,2.36846)
 (-1.76268,3.64223)
 (-2.19291,-8.91762)
 (-5.83485,4.43885)
 (-25.0676,2.26273)
 (-32.4896,-14.79)
 (-7.84681,-6.89915)
 (-34.3836,11.306)
 (-30.2209,13.8868)
 (-11.0851,-6.93783)
 (9.46684,-3.26815)
 (3.45603,-23.7113)
 (10.4258,-1.95791)
 (8.82933,13.4721)
 (12.577,-8.25372)
 (8.55328,-10.5376)
 (-21.6699,5.09788)
 (-9.80916,-0.905842)
 (-1.31092,9.25622)
 (-4.16862,3.81723)
 (-24.7966,-12.3739)
 (15.6951,25.6902)
 (14.4836,-2.72537)
 (14.1381,11.7621)
 (19.1509,-13.1104)
 (-20.9016,-13.6239)
 (2.45757,-19.5672)
 (-11.2094,0.612831)
 (-2.61353,13.0941)
 (-2.24707,-8.36817)
 (-2.77546,-17.9845)
 (4.37233,-17.852)
 (-19.7854,-13.5143)
 (9.55614,12.3839)
 (-14.5447,25.2096)
 (-10.3796,-7.50679)
 (-12.5308,-11.2966)
 (15.7411,-23.7299)
 (-1.8908,-12.9492)
 (14.2287,-3.7903)
 (-8.49126,-2.88515)
 (-4.66368,-4.88705)
 (-27.6063,-16.1432)
 (-4.13292,-7.48615)
 (-4.42045,2.85268)
 (3.39771,3.30814)
 (-9.72549,13.8174)
 (13.9655,12.3718)
 (-7.94386,6.13223)
 (2.06297,-10.4501)
 (-5.02258,26.5322)
 (-14.8,16.8535)
 (-12.1871,11.4284)
 (-22.042,7.15288)
 (17.2538,11.2103)
 (-1.39853,2.0918)
 (12.5682,-7.8218)
 (-0.732437,5.18867)
 (14.0237,-15.5266)
 (-19.0757,-11.4743)
 (-8.60888,-11.233)
 (32.0052,5.47444)
 (21.3973,-1.07407)
 (-22.9834,3.48146)
 (-1.29448,21.7624)
 (13.4488,1.97643)
 (-17.8921,6.08433)
 (-6.1399,7.45803)
 (-8.99636,16.5821)
 (-3.94733,15.2841)
 (-16.8255,3.82379)
 (11.0198,-5.86804)
 (4.91462,-14.2257)
 (-9.29785,3.49593)
 (-19.8366,-18.1145)
 (-23.1069,18.3827)
 (-16.0718,-1.50402)
 (14.7103,-13.6569)
 (1.25854,-1.01798)
 (24.8337,1.24522)
 (-3.71677,-23.8264)
 (10.6736,9.35317)
 (-4.87836,9.79623)
 (14.3912,-34.769)
 (24.5309,-10.9643)
 (2.36459,3.00619)
 (-25.5782,22.4816)
 (25.3082,4.40184)
 (-2.10422,1.64666)
 (11.8435,8.31853)
 (10.2364,16.2157)
 (15.1488,0.144913)
 (8.99074,-0.788616)
 (-9.38258,4.39457)
 (-3.63715,13.7199)
 (4.19446,16.977)
 (-33.1993,-14.1051)
 (1.41523,-10.0158)
 (16.5891,9.65513)
 (-0.756674,-10.5446)
 (-11.764,15.9925)
 (-0.801984,7.68293)
 (-22.2637,-12.1621)
 (-26.5172,-30.9071)
 (2.27952,9.78992)
 (-11.1059,-12.4458)
 (1.61482,-8.21841)
 (-3.07489,-0.669252)
 (-3.55958,-5.3772)
 (26.4753,19.8856)
 (-2.32147,-10.9016)
 (-2.62129,1.37687)
 (-0.116297,26.7393)
 (15.0923,-12.2805)
 (-11.8069,3.64675)
 (10.3851,3.29826)
 (3.76546,5.6076)
 (-23.6449,14.1499)
 (-4.57584,11.9139)
 (4.70289,3.13448)
 (-6.6844,16.283)
 (-4.20772,-26.3096)
 (4.68921,-22.6451)
 (-7.73454,-5.38861)
 (9.41954,-0.796423)
 (22.9058,-11.2531)
 (12.4756,8.01842)
 (-4.70007,11.6926)
 (-16.6408,-18.6914)
 (-0.632051,-14.2946)
 (-9.59887,-6.5157)
 (-24.8157,-23.9874)
 (10.3561,13.075)
 (1.15257,-10.3723)
 (13.1121,2.30305)
 (-0.108343,10.8018)
 (2.67635,-3.47928)
 (16.2852,-2.85226)
 (-20.6461,-2.55245)
 (-19.3593,5.74158)
 (-16.7382,-0.350351)
 (1.33305,8.81433)
 (-3.71401,-2.50516)
 (-29.0778,5.1879)
 (-1.31428,-23.4952)
 (3.97158,-10.1853)
 (-9.0354,16.7895)
 (14.0923,-12.4323)
 (-5.60936,1.15376)
 (28.8559,2.40057)
 (-2.1173,21.5217)
 (-8.7747,0.614593)
 (-5.4887,-2.09349)
 (5.14198,10.9441)
