 0.8527823990007659
 0.5955760683000345
 0.1708171570725401
 0.007085352146080126
 0.2396675819099768
 0.2493290241004042
 0.6805719463880802
 0.04540954807015589
 0.3951907136204536
 0.90995407144717
 0.8583881395031137
 0.236525351923158
 0.2781438685084609
 0.3194889678169703
 0.278020220503642
 0.9384406194354891
 0.4177241120567681
 0.4478291425906851
 0.8184668153092439
 0.8131383296634198
 0.7693348799467765
 0.3232400596547602
 0.04018870608529794
 0.9822202462111228
 0.5797760129511256
 0.9576986157932021
 0.1121108448198318
 0.5121029058899087
 0.512536298136317
 0.3870030807297583
 0.3818106651766371
 0.1611191180419787
 0.105754497246876
 0.2673997367569028
 0.561350451018081
 0.348990230729254
 0.3353238814165039
 0.05063792603658772
 0.4566295384597214
 0.1874029890849513
 0.5202516580293863
 0.5850901495982638
 0.8141594079773483
 0.8229519367271918
 0.4107160604581843
 0.1820404080198549
 0.8204787618764552
 0.3760947903977359
 0.5160165486140458
 0.4633605455638705
 0.5435171494083065
 0.8471273671529403
 0.4572503994435509
 0.8821905517556222
 0.3340680624927139
 0.1432542409408143
 0.3883952489683357
 0.6265455976915171
 0.04888905123140423
 0.1758122910510396
 0.895101588493604
 0.3540096104704833
 0.8937036639210184
 0.6685786366447306
 0.7451348232194903
 0.07677803245116159
 0.9447685507893542
 0.6287282442986097
 0.2371183463796178
 0.6463110958129166
 0.4860349824680133
 0.01385497754867597
 0.7904390477340321
 0.6450436462172436
 0.6313814521168053
 0.2244588347359507
 0.1077566648872459
 0.489565116819535
 0.6331669936005138
 0.06232642062247477
 0.2034799314488854
 0.5725655020688948
 0.3851290527665284
 0.7870637488379223
 0.2527978645095243
 0.07233468372282052
 0.8693829822221549
 0.3390597665445117
 0.209903459017366
 0.4996659802681465
 0.8053439212841234
 0.5646202148843688
 0.4173798276292197
 0.8493627571221173
 0.8719672358593618
 0.7704959537404884
 0.7922053220201439
 0.06104594137361034
 0.9747629288835258
 0.9596557343232589
 0.3734848248341799
 0.5732656586667195
 0.2698548517381881
 0.1504024018712464
 0.2610724846330749
 0.3663268222135689
 0.4671308959641952
 0.9551428153510649
 0.6463757935187243
 0.1892448283163075
 0.1853611020345442
 0.3729015380914364
 0.3060608907143629
 0.9312499742452166
 0.9282342849377695
 0.133392663752922
 0.7642096474275466
 0.8072422043690143
 0.004317974875718211
 0.8760913610085753
 0.6151698843732418
 0.3764040289538127
 0.904350799807395
 0.7125548838429132
 0.8256444353005429
 0.7004533913156126
 0.6518353992618311
 0.7468126751238937
 0.6716107981770003
 0.9419814332343115
 0.9150122848663422
 0.6456336212431748
 0.8106158370007798
 0.636265793505319
 0.4140000356016255
 0.05469011087569224
 0.5013234062065669
 0.4273840973020898
 0.2258386701782529
 0.7454290165014985
 0.3491473273105679
 0.3994547526545489
 0.9895556448473688
 0.2466101124322879
 0.8638158449096703
 0.8604464552880839
 0.9549062692587312
 0.1566801399916966
 0.08524135080268185
 0.1033602974210823
 0.5262783599510694
 0.6225575692022273
 0.02989075900224807
 0.8049635712248252
 0.9693625236000657
 0.9276887058575914
 0.1125472115862204
 0.3669334273161272
 0.1452634349774689
 0.8138484996741199
 0.193519418611555
 0.4881035060248379
 0.9397043975896215
 0.07304913753601321
 0.7628203659438343
 0.7123868522252926
 0.8409802859556375
 0.7383709093223061
 0.9678887696526552
 0.1424497486763377
 0.06955558529616072
 0.3122787941495888
 0.2635015041772549
 0.4744938201718755
 0.7347080111884535
 0.6996141237589314
 0.2438432915463046
 0.4988078715785154
 0.4268746759370217
 0.2205428007562653
 0.9221306742016988
 0.402514434488533
 0.860589750066089
 0.2244310089759907
 0.1635957739231741
 0.6022664762188356
 0.08158052972337897
 0.7801500462354026
 0.5298290143098838
 0.5638064399474753
 0.9286999500027384
 0.08472852769051779
 0.1687340681301839
 0.9403839221667102
 0.07865381428493894
 0.9590051871216881
 0.04060935596848851
 0.4664865182261272
 0.7027071033351985
 0.155075311824396
 0.005580418210767424
 0.1513119558980259
 0.3476748856884295
 0.8184163747143408
 0.9546948085202939
 0.7990646282343168
 0.7937165819559843
 0.8606196032256637
 0.7155839815217638
 0.7527227207503174
 0.9106198220577815
 0.6127809147848998
 0.4598223606073435
 0.3359877502771052
 0.5311188566731693
 0.3732434354689989
 0.6978109259257529
 0.1464456593595098
 0.331141179521078
 0.547903147518814
 0.366758879535463
 0.3771521110042671
 0.7040649573608198
 0.6520797107857588
 0.3696975354458857
 0.6049027258842282
 0.1764953415953517
 0.6237162635699189
 0.2967399179975056
 0.5360239449531968
 0.95730237101076
 0.4064711864489068
 0.2001980947916164
 0.6438732383454466
 0.6420137640229584
 0.3061079407779543
 0.2680008160619193
 0.5481181724149875
 0.8168858604523329
 0.6024511847658367
 0.06691627990703623
 0.37761385195835
 0.7453326503821238
 0.4115269143409986
 0.2251858139488996
 0.3579977937631471
 0.8639760819188582
 0.583917036629513
 0.9093740056899081
 0.07848616045125127
 0.6523394266995639
 0.9086563805670143
 0.7430144970212096
 0.6828783578697176
 0.0005725114008408472
 0.2091627202060295
 0.9252543001503216
 0.9943703133384715
 0.6050019539910244
 0.194535799898598
 0.8400053591715152
 0.5208379279330396
 0.3943731203828786
 0.1131200811967678
 0.268725067782116
 0.5275447326613321
 0.3162862697431227
 0.9878784098137351
 0.4076424536581545
 0.5698551949358847
 0.5914979932222413
 0.3063520158683795
 0.128329609557209
 0.6590243570429769
 0.4510008129772867
 0.5576803003931382
 0.5801556301917364
 0.9336473640351163
 0.721846604665429
 0.3947226238287355
 0.294548889270375
 0.6368944690903748
 0.944741008234019
 0.1095663554741423
 0.1531809095711704
 0.8263862873530534
 0.4156855726379666
 0.9076498065970162
 0.8758043841040882
 0.5764960792037308
 0.6918079006593825
 0.6838577006285032
 0.6633418127478451
 0.7284364123258895
 0.5030704320645903
 0.194371659341187
 0.2457435358261497
 0.6873041832938531
 0.2853667334966832
 0.5150831999847004
 0.8758010242380913
 0.1300750547182072
 0.03566934973841056
 0.7040079213274025
 0.169269993596765
 0.03656837259556715
 0.06102792190941179
 0.8279023054837519
 0.08029896056033096
 0.7519185559087331
 0.2786573842185977
 0.3943870488706901
 0.8375107891589815
 0.2988715845710796
 0.9957801670463584
 0.8812189471033319
 0.7655587026791756
 0.4328590699540896
 0.07564426243994309
 0.4669452354892618
 0.49845889684002
 0.09189029043383638
 0.4301638136871952
 0.5577410788757411
 0.5830008387099146
 0.2090351930490943
 0.7798211812637003
 0.903712904901542
 0.2099822975445325
 0.4011905755794562
 0.07490270766332512
 0.7754703512000738
 0.1937606962914631
 0.2288137126950866
 0.165712926040335
 0.9640407255536418
 0.04935753611720532
 0.2325183741009195
 0.3784068088331478
 0.7733637337067759
 0.7233818766831906
 0.5077673408739886
 0.2541376028867365
 0.263266429815804
 0.8121301629406978
 0.9219379354380776
 0.8181638027056866
 0.5933047627922576
 0.7909379550693857
 0.9835368410895113
 0.3394451964168448
 0.306076245129312
 0.2072008846217631
 0.1289674934663494
 0.2975966258514749
 0.7583573631172018
 0.342073840042433
 0.2325897160682145
 0.1718091277315547
 0.03708776719161326
 0.09320883966687236
 0.648320678261869
 0.2505964201801786
 0.6799195592617475
 0.07526382312443618
 0.119851411407563
 0.2723839815552104
 0.3528129834000674
 0.5389746057721604
 0.5743632323060207
 0.8815544627339544
 0.9650447407718443
 0.9046759405278753
 0.8754439364808241
 0.4275970430556207
 0.1614598976182124
 0.1089006850991225
 0.9779115152382422
 0.4216194735348313
 0.922578429445143
 0.4768495630872175
 0.1035582948934526
 0.5431924978839229
 0.9903663329991519
 0.948421728518666
 0.9519783753297103
 0.08466444401063104
 0.8415783799729118
 0.06258019844414724
 0.5809478850696831
 0.8918663971015682
 0.7789163834570563
 0.2174597371927321
 0.859382043946075
 0.4179716875232845
 0.5614884574404363
 0.284994096951464
 0.2272722092502195
 0.5991277097871146
 0.4911559679639736
 0.5367184167366637
 0.1602558314446704
 0.9339565999730534
 0.0516867474837323
 0.6102037339960076
 0.7205495548948984
 0.8471342616531506
 0.7174447517763414
 0.1255841860757665
 0.9590338263497954
 0.1351439774953029
 0.3316810344527218
 0.04165047758940681
 0.8818095533338205
 0.01581698944605297
 0.7122129651855905
 0.1037768116939754
 0.2255155774832336
 0.2568964974587543
 0.5427438727949433
 0.7143025330883567
 0.9910792756834681
 0.01507418101599172
 0.474509479096374
 0.7415738712543736
 0.4861733648163485
 0.3564297796704796
 0.6757438037458177
 0.2536115629997936
 0.550719206423957
 0.9801348021615751
 0.1890301352763157
 0.6530612100693992
 0.03031346254833693
 0.8556759308766896
 0.9729157091942546
 0.7850010000697791
 0.9049220715535541
 0.01683236984044871
 0.5327884856964965
 0.1993834753616113
 0.9386251473584646
 0.3851084384631185
 0.158027219615193
 0.7895229393083367
 0.1273791491709415
 0.9705677797117318
 0.703913648625526
 0.9066479330846353
 0.8826653737385082
 0.06742265334875323
 0.3761125888711855
 0.5064829361691529
 0.4314582789171502
 0.7539766555392091
 0.8603954060166958
 0.1266529961738825
 0.7848741742580158
 0.9217826340385357
 0.4274204657613813
 0.9646424292681959
 0.8429154495516806
 0.9196430251562792
 0.182521171674977
 0.4621917519285469
 0.5767718536967643
 0.6421181272920008
 0.7733708877578653
 0.1562518639565412
 0.1916248645198542
 0.6620096091765103
 0.0282574071729919
 0.1431453382214681
 0.6118813142152243
 0.6842559727392341
 0.004542704022942145
 0.4156453293885689
 0.3794682400690176
 0.9469134508483664
 0.5622682851363181
 0.9940451828808098
 0.2176339448522533
 0.4099439102654999
 0.09219092806547073
 0.1971127737398753
 0.458487913892302
 0.681851773341542
 0.2087828245967412
 0.06676646438728311
 0.5170432773408628
 0.9159866677409635
 0.5699521308894204
 0.7869683474539848
 0.9861145732022059
 0.5501300396447757
 0.6415256267748338
 0.3403820841948245
 0.9356381905304683
 0.6923319845814048
 0.5396644898670635
 0.9206499013076098
 0.07623111367842776
 0.6992385274561541
 0.8564933864641876
 0.0150838229796491
 0.2197065602236253
 0.7876365207797577
 0.189037276421347
 0.02884042851925788
 0.8738291491238478
 0.219215538964059
 0.7306899003524575
 0.1211907801563813
 0.3763968817463659
 0.9252425135987752
 0.007569602932603936
 0.7124392566716069
 0.004815425721858268
 0.04653345262517332
 0.2375820600748901
 0.4393576051984117
 0.5483687343129485
 0.3970251433294827
 0.7427860837408968
 0.6418688243581353
 0.6563296544731051
 0.02376280642816602
 0.5048487082736394
 0.3197258192439345
 0.2935235748393731
 0.4995884657723992
 0.9110558001454434
 0.1844075765097559
 0.4917091338217737
 0.7158313316118259
 0.9491528621556201
 0.128784022745052
 0.2397513956449212
 0.2645149277784097
 0.9938697589045444
 0.5605084453245193
 0.427577023450101
 0.5717767048047246
 0.7699917086601017
 0.065621662622854
 0.1465848254052499
 0.3689599752346948
 0.421241325123864
 0.1249670964693881
 0.08890811784973023
 0.3014741468699226
 0.6083678583511758
 0.229284166973666
 0.8693778205761852
 0.7653935659530143
 0.1117770562172883
 0.9108219790275981
 0.5921035404016801
 0.4796171067893834
 0.2914882327933564
 0.4135325758043839
 0.4348518554803615
 0.3657142306624765
 0.4850225816048547
 0.06406399098280861
 0.2555049703539277
 0.5971473330877956
 0.1076264777137706
 0.3764412732794412
 0.1036034154508454
 0.7140824621404115
 0.7431098364602705
 0.188912294061774
 0.7205984135409913
 0.9834643245848873
 0.598519892378207
 0.6712282809871593
 0.4002801822117089
 0.6035022029289252
 0.5364747011942468
 0.2215216425594411
 0.5920466097349962
 0.6189907245770014
 0.903953704465252
 0.2357296536757473
 0.3841795919830351
 0.1294727558007393
 0.5767106672840764
 0.6690337812679794
 0.5450290367141594
 0.5844654968650682
 0.6250958169799824
 0.9367468380345381
 0.1666239829289261
 0.9998145947906764
 0.8982513207288767
 0.8725482730926104
 0.5051637571528756
 0.8785594977427162
 0.4791934151050826
 0.2913442848449624
 0.8842610924973149
 0.4849586712498212
 0.7039189851363291
 0.08330180092438104
 0.2850667259726553
 0.06519628319817421
 0.02178996792198922
 0.112973746330111
 0.8617469647733768
 0.4753345341106281
 0.7223099857388039
 0.4029762273636765
 0.9323335487023868
 0.8841614785206414
 0.5748152109471527
 0.4792430872927266
 0.3161389318118021
 0.3148793729857914
 0.5106804526920639
 0.3088865092058337
 0.3493890198715476
 0.9415839217502392
 0.8671840069365526
 0.2607368533400714
 0.6504000887046391
 0.9716661611540041
 0.6195338389465891
 0.6606049536090185
 0.8638183443164539
 0.389198080897963
 0.2819468219156953
 0.7160647224712938
 0.7279742965770181
 0.6177188440212064
 0.03169740498981892
 0.9489092289879821
 0.9771341836790329
 0.4524136569695749
 0.2816725368878202
 0.07826272588119958
 0.9262410975561737
 0.3899665406492061
 0.2923447850840061
 0.3854410888231679
 0.1076815909424077
 0.3420759780383489
 0.8515640728275585
 0.5334164964136303
 0.2537599054305201
 0.7808051623964778
 0.7794171768733683
 0.2320122671187049
 0.9302335772270386
 0.9830029967736876
 0.4914601660893986
 0.6629279599801237
 0.7693671548133562
 0.6609251749758308
 0.2245344180472928
 0.4197979953776294
 0.2540639982408703
 0.3556411714473489
 0.9696289134240955
 0.05265960163186161
 0.3252086010121912
 0.3290262221951112
 0.1389417875830832
 0.1321506108776584
 0.5175504005791651
 0.2925241447547834
 0.6530076189233062
 0.7450253052704078
 0.4164038596651398
 0.2039007815083095
 0.2137205960036476
 0.5865496371397977
 0.1209688566563396
 0.6561030818815553
 0.1031688055925187
 0.5251688835892202
 0.926689091307025
 0.7106600097006135
 0.8697191593642308
 0.8517463524540112
 0.6178751375674831
 0.3529943908926287
 0.2549433870416473
 0.524504561867436
 0.7135235005395199
 0.3801595852069099
 0.5914022244602708
 0.764452526192298
 0.5571502771286548
 0.4398491291359294
 0.9392385910193599
 0.6832670943261691
 0.6291528954042855
 0.5283786221091341
 0.8801037927569423
 0.5225229503120893
 0.4753736941104882
 0.6761853061835815
 0.3650496823103425
 0.4964553640627361
 0.188468054751651
 0.8760462362689703
 0.9919842711667539
 0.2166921380083512
 0.88353882538872
 0.1484215143399589
 0.2479701523546264
 0.1839659062084384
 0.4675923219251268
 0.8521854164494583
 0.8771764968949217
 0.791638861302056
 0.1708893923209399
 0.2255672045401948
 0.9740053287814817
 0.2934128038161437
 0.1006805876568041
 0.6948615875992019
 0.3503743730730282
 0.9530535541034757
 0.7796666947111562
 0.6348615085644055
 0.1621996553954365
 0.3621112003113651
 0.3435632481919665
 0.6600331745341133
 0.7274781139664582
 0.9147420139692856
 0.7066496370642698
 0.04817494096253032
 0.1044438979302511
 0.3421477940067801
 0.9889770355346866
 0.3660402748029877
 0.8422533514025344
 0.7862622113336994
 0.5259030997646253
 0.4025792304973195
 0.482745683625087
 0.9449254939572854
 0.09561115355432474
 0.2509577338429955
 0.1729574307314106
 0.5452855921570057
 0.4156920313853831
 0.9592078310110306
 0.8748841093447113
 0.386366196112437
 0.6052960360883182
 0.9040384372574292
 0.9263038823930666
 0.1252260195579341
 0.8351609848128569
 0.1869709270879207
 0.4979426220899649
 0.9556625884164851
 0.04846047371407429
 0.8853626529147532
 0.4392632533184921
 0.7134720962755526
 0.7516457663467651
 0.03306477970518766
 0.03002311841227505
 0.7216612215981028
 0.5762268196943132
 0.3795482684599248
 0.3277933999645906
 0.0830911140746116
 0.03444657546045775
 0.01432861156438574
 0.3912276165770185
 0.7370836514294721
 0.4684430349957725
 0.1501545811124446
 0.160402351298934
 0.7960363577277568
 0.4305535628866571
 0.7234016101462513
 0.771552011275645
 0.1456935066320461
 0.05321711264035349
 0.7479518274066317
 0.9856855024000143
 0.7703999507761168
 0.9822201183086392
 0.05068254563277845
 0.1681332630829571
 0.2358767252737551
 0.4556216834869138
 0.8017877587745189
 0.9809932800267914
 0.868906748306136
 0.2959595981463346
 0.4917021727625577
 0.617066124822771
 0.5324519868341699
 0.1460962855199063
 0.02474904831111906
 0.4152194319731204
 0.1213618439961876
 0.7521205192740784
 0.08250482799262286
 0.5357798619040084
 0.4593222947493947
 0.8361620985698028
 0.7961721462729399
 0.6165967759012553
 0.8638813928767812
 0.8825996173494702
 0.5340229232689764
 0.3001547620690437
 0.006033440820977831
 0.04649146534052
 0.7175497381600063
 0.2077996821539236
 0.8613167704625763
 0.7534168819707189
 0.3896969316072386
 0.3542940933684918
 0.5728564065144225
 0.2449667203982234
 0.1894005932258518
 0.4393729464778554
 0.2019274551637463
 0.7843037468990501
 0.879370549836693
 0.726044807945265
 0.5336804617364659
 0.7619553441656111
 0.04319135399610878
 0.5274621594508891
 0.4787827915995772
 0.6502819333000952
 0.9579266211110953
 0.4422688444321782
 0.3513695804996183
 0.1081219447816099
 0.1171111574857611
 0.3861085932992812
 0.3884680327003099
 0.7746160755112073
 0.9778647095707894
 0.006426103472252409
 0.8975149166477282
 0.8914263248793396
 0.4891717855717118
 0.9830837191470426
 0.3104071771172556
 0.9297177846583505
 0.6603328553376652
 0.2834141952981922
 0.1664794427678755
 0.7863597548407968
 0.5115141117521208
 0.8004938461709861
 0.5463350853840613
 0.1031518168800881
 0.0280685589117508
 0.109165951100882
 0.774993230657921
 0.7081316992356772
 0.04307199320646886
 0.795417800459027
 0.5389230489442965
 0.3982270254260201
 0.6411451110340308
 0.3128686230454128
 0.2845137066044589
 0.6132740397109102
 0.4735201942116211
 0.6930152683716307
 0.4580718101260496
 0.109691737745405
 0.3777609253998642
 0.7705653281627802
 0.3969826580827796
 0.6996093818530601
 0.4899416577821915
 0.4789574956439238
 0.2064579465752895
 0.8759239248121303
 0.5463247594329245
 0.2505936710355982
 0.4836857954297977
 0.9771980631866084
 0.3353247641179551
 0.4525735640949884
 0.2859247328699219
 0.1371811423341304
 0.4738500553404021
 0.585593259620539
 0.0807140380132924
 0.118468396301255
 0.5899202370971247
 0.2710535697143375
 0.824619098910461
 0.4507052233224223
 0.1151508203797981
 0.6702597005955094
 0.6847242054909849
 0.4110603546245677
 0.3634905746208585
 0.7057807740318206
 0.5410003652972343
 0.9850695965021989
 0.6960263536865676
 0.9794265103938279
 0.6675657579934449
 0.2619643569218545
 0.07987094264844945
 0.2905639918961857
 0.02001924311979479
 0.7971166178152944
 0.1792612024185484
 0.5869622760363031
 0.8109240349896438
 0.8658734261172236
 0.9873304540259424
 0.345102505537313
 0.6285102974434081
 0.9364350828818007
 0.1395214415581008
 0.8836491868791355
 0.5688871540259595
 0.3903464256339931
 0.226404495534314
 0.4323869192491057
 0.2477957222189455
 0.676091632134029
 0.8206229294737623
 0.6169402857120803
 0.565635006339453
 0.9256342871156568
 0.9529412110101918
 0.7307653315173923
 0.4851881364163015
 0.7782250069023607
 0.4388568794905723
 0.09195575160857443
 0.1566387551271941
 0.09061113844907746
 0.1581553375313051
 0.1422300352555662
 0.1530607628953948
 0.5773687112789903
 0.8202814596216045
 0.929143563352154
 0.3607754227272335
 0.3424469610021074
 0.5916104742145722
 0.4283311097468636
 0.7196325912081246
 0.6297747030897833
 0.07125001203428975
 0.5312487023504425
 0.4409112279226947
 0.2360482171799949
 0.5178140725666931
 0.4145288236118543
 0.9007883003591338
 0.8984946472834694
 0.4947513124496841
 0.9816365988461949
 0.08542072588365283
 0.8282870730917673
 0.9405052029597168
 0.9010700644274878
 0.5351730111756331
 0.6907824757970696
 0.2189547874861223
 0.4579617303664711
 0.5389098857528153
 0.7458835558139174
 0.3666369301814761
 0.4148291063781847
 0.8715832967926802
 0.4732787524979219
 0.398317296234615
 0.1043163402329678
 0.462870627633062
 0.7492742517175057
 0.9687584398461951
 0.8979652787948507
 0.5967435937708138
 0.5923357098675014
 0.4612842860377483
 0.8739283666954764
 0.07045635890373707
 0.923087755687569
 0.3996981232281772
 0.02677328024410257
 0.2984488725422931
 0.9103977489196451
 0.5450354848478217
 0.1620686524379966
 0.7596067899193486
 0.9937699775386247
 0.8377471116984003
 0.1356698755465506
 0.6276457514866391
 0.1322693110258991
 0.483551510120569
 0.8360435120877483
 0.5784037173258924
 0.5625184948747596
 0.9610522095237825
 0.2602566046032658
 0.2919003008482119
 0.3270058790625843
 0.0108453655982143
 0.03463377833466201
 0.649086808605388
 0.541652421355524
 0.4018554027206276
 0.9530261141900062
 0.3319836320478627
 0.9166521635223277
 0.8694757747935725
 0.4704793136969832
 0.7387598463418144
 0.7077087921222903
 0.2893370425520941
 0.872136971000483
 0.1783163388105197
 0.249122994334476
 0.303192157518258
 0.9728158482817935
 0.3537412103499541
 0.4182800669753677
 0.7072995426589145
 0.4412892591148372
 0.03721736064561969
 0.4931240467544881
 0.6183190008780391
 0.1511976215361867
 0.3960980747768043
 0.04182000005586776
 0.4650712232980841
 0.773764307622519
 0.7754774009742322
 0.3501104029663654
 0.1247978519228002
 0.3846436705957709
 0.445434500167144
 0.767263964939221
 0.5478987461886869
 0.1746237072404846
 0.8005863595940845
 0.5680156499403526
 0.1066913937886957
 0.670752221974342
 0.6045587524185363
 0.5876505364939445
 0.6852772409088863
 0.2278337613872729
 0.6564468844981293
 0.202428098104379
 0.002683401455743239
 0.7999583808008219
 0.1929651548758886
 0.5089293237628258
 0.1534654675486135
 0.0359120821575674
 0.3962115351611374
 0.1405393563995531
 0.7265065322168568
 0.6198780415094992
 0.009185825126698122
 0.4911135445496299
 0.8982487628137913
 0.4019905157533143
 0.003921132034535635
 0.8035547216118949
 0.7625120033491145
 0.02819999098736363
 0.1632878342196619
 0.5842008443896991
 0.3937232566090127
 0.7718717898026709
 0.9398435381865877
 0.5619961948447547
 0.07631676268941016
 0.4108799007532669
 0.516846168720457
 0.5852788985042209
 0.9177909805813611
 0.3478558232073067
 0.3788757323104712
 0.3356677197672465
 0.7151933178976748
 0.483543395451648
 0.5639169786213388
 0.9524732452287458
 0.8609352109381033
 0.6986076857192909
 0.4897813380456489
 0.230979406619959
 0.8705649596941842
 0.7329128953570285
 0.4269469207880605
 0.5295298821087295
 0.6949713144119166
 0.8507839230925974
 0.8665292126913339
 0.9199190832867837
 0.6674827903146049
 0.679357744889749
 0.9055514923678165
 0.6626279521535989
 0.01333849581945938
 0.5580644298127402
 0.3295987054188985
 0.8087141295394672
 0.4477974343803013
 0.4033788055197723
 0.2706031292360726
 0.6571006444425406
 0.01239785233957862
 0.5938092095713522
 0.3168952527347278
 0.6667412690066725
 0.1072434871513207
 0.6503270091135928
 0.2902384308543048
 0.1876747960772774
 0.5838674189268395
 0.7728923087056107
 0.08168567410881149
 0.006958180486313292
 0.05101356457394339
 0.211044868145893
 0.2211663867342724
 0.4215548251799942
 0.3016357436153868
 0.4706634070445158
 0.3545520864563766
 0.6818450349852876
 0.5505648468984305
 0.2009128936650291
 0.8086836662412494
 0.7779942588506085
 0.6966240341104303
 0.5572715481764944
 0.695917413383934
 0.2567118599932364
 0.4223214850566526
 0.9329791547104386
 0.5787159797538973
 0.6203656557157864
 0.5875227409184226
 0.6094705108904085
 0.881632960193551
 0.6513087249074235
 0.638468335222492
 0.08843921367278822
 0.9646771700231328
 0.01448392017168181
 0.9162755777114993
 0.8174082704327755
 0.8668017906859051
 0.5847640298059186
 0.5922916719022002
 0.4690312758567008
 0.689135932281323
 0.6226055882439046
 0.1991650741552581
 0.4984445394336862
 0.07850528905857339
 0.9695150211219524
 0.380471493728402
 0.7103042941230826
 0.4680127476588604
 0.4525221641371742
 0.4542411625255456
 0.4884414530404247
 0.9184106278453205
 0.01861166654047923
 0.9772922280948979
 0.4682333493580117
 0.5400190169528611
 0.3359063201365478
 0.7460089926226882
 0.6754707795980178
 0.7058249405448023
 0.6876732297491215
 0.6334215806959432
 0.8465577742962624
 0.3813622872282494
 0.1644153120741523
 0.2958440783702378
 0.9734834964696127
 0.6216927293210387
 0.943748365112186
 0.5693533107092106
 0.2380692778014464
 0.7338168367657119
 0.415256373422704
 0.9956364520257813
 0.7543392047489559
 0.3025437894340876
 0.2401377904498179
 0.1264428674898633
 0.8166453320392771
 0.4438971526841783
 0.5714645307003534
 0.298338107342804
 0.03317347352870519
 0.2190454062701387
 0.7988738694372964
 0.2926284542909376
 0.4226477904445039
 0.02808507418225663
 0.4182590181954278
 0.01267243179140836
 0.999787705904587
 0.1564114365878627
 0.885904438672276
 0.9570540563649959
 0.9229151488091077
 0.03889144957062311
 0.2711880988785657
 0.02032619744032564
 0.02874729362566058
 0.8275595820817537
 0.808216007285564
 0.3038063646362155
 0.8375180352968115
 0.2801280197056944
 0.3805494587807535
 0.678885895385935
 0.4999036813693601
 0.8009319760251412
 0.8027589524349054
 0.8598529213328959
 0.6821514777524177
 0.9312038412640264
 0.8976421329308133
 0.1160695960905232
 0.3007082653166258
 0.1622120554704112
 0.2599873614240636
 0.9332923322732184
 0.5268383523087355
 0.9285591867877291
 0.09973146989997565
 0.4299339355701459
 0.5731551368153183
 0.2485026411735989
 0.4549025149441782
 0.8049084987587179
 0.8760651797906877
 0.09455741927270127
 0.02697269944035268
 0.4878351638507933
 0.9484572814056625
 0.41116266945345
 0.366102461010518
 0.3664277147424307
 0.6909178047238058
 0.6178820789927451
 0.6964769845477788
 0.3522743913908854
 0.7335869202317354
 0.2254632531442238
 0.7681166248136363
 0.4864244134175327
 0.3602141203460067
 0.8952813393433594
 0.297843602078835
 0.9147042004135642
 0.3827502532475154
 0.3197310515579515
 0.8395625378814489
 0.7813193202609924
 0.5140664665810277
 0.1009607307832734
 0.4530440450418531
 0.6847599071451754
 0.1925677445442971
 0.4589613052100521
 0.595841235122499
 0.1836203722555343
 0.8266441681129465
 0.8919832033628505
 0.6068342544228007
 0.1928870832647097
 0.1167651158085698
 0.7091469644378028
 0.8510564990346257
 0.320082606778796
 0.3329160857201499
 0.5915077415833382
 0.5938438925508737
 0.5421639791193513
 0.4022720018127211
 0.8724187034031954
 0.3809095848029345
 0.2101063347262157
 0.2923950671215851
 0.4583892292562504
 0.4668034314148921
 0.07470276460523088
 0.3979294079937465
 0.4034402774763773
 0.5433093172199689
 0.1995110849846063
 0.82988304756603
 0.4103775876539235
 0.4355794528566487
 0.9548808774230257
 0.3741710536627983
 0.6999557293106082
 0.4224984070353122
 0.5487406449909336
 0.7619090111993612
 0.6020680512244554
 0.7877314157180592
 0.01632164233672433
 0.2237431264310056
 0.5651338341179373
 0.67319808198776
 0.7684518939282782
 0.7720074658375268
 0.3781569082090144
 0.3362208301621036
 0.7498823753570727
 0.01924470167089747
 0.5193960167079528
 0.1469639578643843
 0.3612693063958739
 0.6951027060640413
 0.8411373113739091
 0.2853506086974022
 0.08694298430609153
 0.7373360599408332
 0.9744062984233475
 0.5529744034526518
 0.1541588280019258
 0.670661920219807
 0.05323831372559122
 0.1651131462495669
 0.06047453189275546
 0.8678589861047576
 0.5200444478520544
 0.2462896999020535
 0.4925289668924744
 0.02841231398629855
 0.0208101489253643
 0.8095900603147537
 0.1979238802815518
 0.9090698456939965
 0.7218890413333567
 0.260591510284969
 0.05820546511607443
 0.6911014931047383
 0.4388501371053731
 0.6307101613328675
 0.6383179849694791
 0.5827357653150752
 0.6855889914399166
 0.6202681482216289
 0.3082345645664732
 0.2441145647022236
 0.5012987746739735
 0.9392002948295303
 0.585880919969299
 0.5963518608349311
 0.9718031999573699
 0.9493640529890558
 0.009631513898429023
 0.392360404734634
 0.7570818265386283
 0.876257449783154
 0.877426051514412
 0.3134748934805922
 0.3848937757004577
 0.2345286588697776
 0.7793892426458005
 0.852331933891305
 0.2941014901602176
 0.9748985905116526
 0.169972328517578
 0.1342843886709581
 0.1472559483395532
 0.7720941310524086
 0.9270034282755291
 0.9368148493156689
 0.6055317491593482
 0.6222293702641617
 0.9419228091002164
 0.5413467690806693
 0.266859723309
 0.1898912091265704
 0.4103472576944412
 0.2957475414980746
 0.5478569405593149
 0.2000751756978275
 0.7943535369072247
 0.8395938391869699
 0.6501081595983269
 0.1522270579581144
 0.5160650309392155
 0.8168585956961667
 0.6558637129853463
 0.4701709465221286
 0.06255149408298614
 0.4882010950961637
 0.1586546232657063
 0.4043525812742513
 0.2317377058523115
 0.4167902640135774
 0.9476164111155231
 0.723903944378968
 0.5406647760822261
 0.3154353472545969
 0.7878552645334838
 0.500771624450519
 0.4246292317569207
 0.133710384656378
 0.1369077184740696
 0.6604045911714627
 0.4279200249108394
 0.7075440845908493
 0.01896433993415496
 0.3501046262963688
 0.05098388740123032
 0.5267066544941443
 0.7470192294495017
 0.2944628975085372
 0.4611290188350144
 0.02114372215617881
 0.9437628259287427
 0.04427114018233484
 0.05793575993643289
 0.3361250142482857
 0.117895471434843
 0.2711519043911263
 0.07271085458258424
 0.9480694115659819
 0.03258810769968472
 0.1794440424216011
 0.2329098593761488
 0.2768516137124659
 0.5028976795777141
 0.3172413416848103
 0.4735475011261231
 0.2257829082840542
 0.630496797068688
 0.3597915359401447
 0.3518672009619946
 0.6360886823762847
 0.9456217382917291
 0.1459833664551352
 0.4270257025774081
 0.5351293021479587
 0.8342700780218462
 0.3200590525886381
 0.3246007334271736
 0.3137292318015816
 0.7153035987493858
 0.5841011163652462
 0.3330779823620423
 0.7431021734200554
 0.3079258580705767
 0.5848048887691277
 0.2788607561700269
 0.7967244122913942
 0.8507094669756503
 0.9546723305677086
 0.4696163650791446
 0.4714890284618494
 0.421324618471093
 0.4865506208281956
 0.8197579745994463
 0.9613031144496343
 0.9422707736299986
 0.9970868131216962
 0.3823622243475358
 0.3805480386535576
 0.2677219510235756
 0.9574217822105859
 0.1872710271387071
 0.1661148799873584
 0.7006723883374273
 0.8468048216365154
 0.3057436863783418
 0.28776180414799
 0.1738318900708197
 0.1369279719429737
 0.08885489496716019
 0.492004457051628
 0.8423568138102943
 0.4706605997360709
 0.9597221147496154
 0.7265047648030691
 0.4439853144778967
 0.3456803904721994
 0.935661008337656
 0.9984159070198867
 0.5271147494050739
 0.4315878636532721
 0.1329887319920408
 0.2241979074171409
 0.5556138107061511
 0.07888365710608362
 0.06249830988572262
 0.2352046603603797
 0.7878976013398239
 0.5967084701099399
 0.04776667440668052
 0.2291252499764646
 0.5042945367322907
 0.08531577914202342
 0.7590507484138524
 0.9625363420068831
 0.9817531216517001
 0.6100394852405945
 0.7177567257464532
 0.000662432257859047
 0.964553184685681
 0.5986391409627017
 0.7066373756439153
 0.1386210347783997
 0.3472910282257515
 0.3537700945751652
 0.7213342425829666
 0.6532236051595743
 0.223225825259077
 0.1333250951794567
 0.5644597288462424
 0.1074786677990256
 0.6509260604869351
 0.6729553262281823
 0.9540781534602115
 0.8918810513863339
 0.3706857591128476
 0.4217479662978631
 0.9011703337214463
 0.4689528289812742
 0.4947992053873576
 0.4569830434204412
 0.2449250867380983
 0.003067188383147945
 0.3971628233797597
 0.9456702720642987
 0.944549441914918
 0.2263298856458504
 0.8092962707492742
 0.7952191913114717
 0.1638153106951404
 0.3196237266553841
 0.3695573454721033
 0.6254971176930924
 0.01972338377506293
 0.209423098030661
 0.6872612520050576
 0.9372249721537099
 0.03512174723960153
 0.7697373536335513
 0.5111796806694371
 0.7596035948717785
 0.08690890848681702
 0.3167728729434469
 0.1428803285829275
 0.2885180706577788
 0.3939104059289542
 0.9697040824589017
 0.7409116191435918
 0.3951445768618584
 0.7048009044928061
 0.9469265041917685
 0.7320031731916868
 0.9184329215539585
 0.3740238517431961
 0.4523834462696524
 0.5433959108568005
 0.5559734026627629
 0.8695898892708601
 0.5245639284976705
 0.2637423344317628
 0.2775885465986718
 0.3206071105471366
 0.6465157807214138
 0.6102842746575893
 0.218645252996935
 0.8048183901273098
 0.1123961621187029
 0.7310390308133587
 0.6757003834531773
 0.9366465278898348
 0.2876844264450037
 0.4340939091343346
 0.1535401104672729
 0.6925376101250269
 0.8416359331811208
 0.9888966498638476
 0.3614469934309655
 0.9468705409051162
 0.6172219645616764
 0.3276625949659315
 0.7736385249737509
 0.6817177653427221
 0.5262128758733277
 0.1726955651530076
 0.4174859819449772
 0.9770953576931741
 0.30575509698574
 0.3071217676663865
 0.1107628104691757
 0.2629024815382757
 0.5643790873949919
 0.1642993271105719
 0.4147911375586273
 0.3390481948111118
 0.2335822562540907
 0.2866003158183622
 0.9386177497940628
 0.6486849698447752
 0.656810120615292
 0.03641633078737509
 0.1174265640991734
 0.6823521146150573
 0.3321989337657305
 0.4673332151664389
 0.7287344084005297
 0.3618103993864661
 0.5583592591288857
 0.9879897611031755
 0.5273617215434849
 0.07063757672507069
 0.7519608905451234
 0.4735207376874139
 0.6184593309191587
 0.6805257167759672
 0.9398314296477687
 0.2087109269994105
 0.7209001343090059
 0.3488462805326438
 0.9667179702811413
 0.6468952337275261
 0.7925144448979129
 0.6695706994078462
 0.948660372012387
 0.08692032757471206
 0.2500295809878726
 0.6264325233564184
 0.1918138970739746
 0.9117390359281937
 0.258181620190818
 0.5779395378481246
 0.6971856870154902
 0.7220659767856181
 0.4140305497041005
 0.06999701757434033
 0.5664582928602576
 0.9724281403109218
 0.04479401134088261
 0.9733376490448475
 0.4620504535132905
 0.9507304394258339
 0.3556185496684128
 0.4448976030455041
 0.5548894809026231
 0.9581017108250894
 0.917609728626853
 0.3291513135662916
 0.608617922189992
 0.9324245541018852
 0.2224306427418617
 0.30306972404084
 0.008286672326487211
 0.549015072415398
 0.9571472862561957
 0.5005429384126765
 0.4998176139472104
 0.5748366681338282
 0.6177178371755747
 0.8322706739432384
 0.02396571812057817
 0.720959459119037
 0.4454904120503214
 0.3926090617352258
 0.9183451005240614
 0.8715711546663042
 0.6853193075826584
 0.1966548405723429
 0.7568464419145186
 0.6086081715974084
 0.3181514323304012
 0.9547529593410816
 0.5011945496038834
 0.7346867780182357
 0.7781788942068973
 0.8767484876837199
 0.03974567130584732
 0.2671045044741858
 0.5210612866988934
 0.9503629969888688
 0.6962473038007965
 0.355015374929789
 0.8970853639704726
 0.4003187943772077
 0.5443881564968343
 0.7970105772613318
 0.9419750702496205
 0.1755309601919154
 0.5153434696834034
 0.2772455694308276
 0.1449266510072686
 0.9742845464277265
 0.8451269227427576
 0.8512822446816614
 0.02216079164878075
 0.7313879093904274
 0.3702219572918958
 0.2199053382108866
 0.02137316229607715
 0.7823575732672886
 0.2514588345800591
 0.8299459636685221
 0.9923489269978749
 0.7984693487832573
 0.3520932430501912
 0.8818538275093101
 0.5541503497203986
 0.3843377485089864
 0.6759201691467116
 0.5882658923034345
 0.2926102797488633
 0.4852413191043813
 0.6371414214444235
 0.6309956470761964
 0.1125583857053614
 0.4114004307141941
 0.741628131519583
 0.127402687893237
 0.5957104803561102
 0.8203158953477078
 0.9717773599912494
 0.7793620082145624
 0.2950820742389319
 0.1835228639961735
 0.453667060797932
 0.1038034757320685
 0.3855492089990697
 0.5136370237037848
 0.7854190044811304
 0.3503497324852999
 0.9621234934161265
 0.05096051857573806
 0.06824194682049815
 0.9325256921464279
 0.9490868777001605
 0.219106317790168
 0.108693751635455
 0.5382176260778756
 0.2056694689284269
 0.9508059587360016
 0.3446706630082926
 0.857385302758133
 0.02372699388555271
 0.3872335289115877
 0.8216263308595396
 0.8149749774315894
 0.7299264130281374
 0.01258959456442648
 0.89959604311648
 0.0961978303857202
 0.6415833578043567
 0.3983074581908092
 0.05368139048253943
 0.8746449386677138
 0.09055520930059117
 0.4315617712111282
 0.009301434548614918
 0.1489035098575032
 0.1005580518768358
 0.9427573621435663
 0.5794061284068786
 0.8451892657543332
 0.5602977545353894
 0.3210859385247344
 0.1629692453269497
 0.9676894656820159
 0.8350120368025596
 0.03570453025630564
 0.8597520758068075
 0.1710106506747014
 0.7603161981882937
 0.6363932108075513
 0.2203352587474479
 0.7792774391567786
 0.2717155633195995
 0.3599979202064511
 0.3509247700014107
 0.4437632708920617
 0.5648083784815552
 0.5158972875428655
 0.4325953746406463
 0.1702608002338296
 0.1889669983521438
 0.5760096985920501
 0.05849448332363809
 0.6781986723752618
 0.551341968169305
 0.2722679065495932
 0.07713958529625402
 0.4159335970911919
 0.789508877321718
 0.3374505223042066
 0.3191125449994661
 0.2255736085775592
 0.2654405884246996
 0.4096585248300895
 0.9548843610541162
 0.7355944798542087
 0.00976423015153376
 0.9154181103416984
 0.9197645151221318
 0.7423710008958411
 0.3398334365642425
 0.7587835132771512
 0.6719816480833549
 0.6447146993799018
 0.05766010325792918
 0.4367539083128069
 0.7465935091280492
 0.1408018880446932
 0.8928369621277402
 0.3483620089328461
 0.6258530977914952
 0.6560603156157727
 0.352751223326726
 0.7210685030552724
 0.1930224346330423
 0.5406626148461319
 0.2352861552145328
 0.3364492231680953
 0.1901548216802465
 0.5388880665028963
 0.4288915700735387
 0.7957633625359536
 0.2337914310504924
 0.1529060508835601
 0.3711564524302167
 0.7166226386733068
 0.848470526369399
 0.6050052001481271
 0.3954180666298528
 0.9674903196711562
 0.5742346399052544
 0.004429174747434694
 0.08482097885028066
 0.4042535779258189
 0.8989189276883329
 0.5014958159744084
 0.03581046989270824
 0.3354148724602499
 0.4559355035561374
 0.4008501331034686
 0.05203850845410833
 0.6645715188373036
 0.2000904108689123
 0.9967999979436296
 0.09299780124634642
 0.8396830820482091
 0.3829424907978634
 0.7188934185995138
 0.09861094900768545
 0.4216282885658815
 0.2253381606328608
 0.246169545572632
 0.2857478381940253
 0.3613178617946333
 0.8638503886576157
 0.7537602184491614
 0.799745647182785
 0.7173929966039846
 0.8210974311124852
 0.8408657352740428
 0.1151933432235683
 0.7365088907413117
 0.5269375548476457
 0.0789576379366234
 0.205893952583411
 0.924526916005004
 0.8482651713674031
 0.7227206732946232
 0.7441926524157004
 0.397921602491776
 0.4781318320910026
 0.04026794687968598
 0.1021822643340363
 0.3171260982930736
 0.9015743440980355
 0.2390827929201036
 0.7540967396005339
 0.6606729298492864
 0.2223371816990133
 0.1617628341350421
 0.1739039672252501
 0.4128051630805848
 0.8649815809973145
 0.8835655438479119
 0.2331160299469133
 0.1260222500413026
 0.07802494443100576
 0.9856763365889218
 0.396802701405122
 0.6524908025358944
 0.5027681341372493
 0.5162799036956212
 0.8618758321305144
 0.6014372280889274
 0.1273550123848925
 0.6347270019582077
 0.4043898382789862
 0.8778735494063004
 0.7613185844290056
 0.5655129328322344
 0.6435584800906093
 0.3707321812428817
 0.865928558595741
 0.5532837058724135
 0.6601261270741042
 0.5932757903734344
 0.1910470142480858
 0.06893706017273031
 0.0724722453990168
 0.5666175093242585
 0.4255557684121495
 0.5790255886986381
 0.1349227018910377
 0.2845965407714035
 0.3548090066792998
 0.4375167327604019
 0.4790613573335382
 0.8815686372557281
 0.5810341687724108
 0.3410527908698031
 0.1122236320090377
 0.8055745324663116
 0.7345448552411337
 0.6519687182456685
 0.5606285095957091
 0.455410682664544
 0.3534779330264616
 0.5611937450189787
 0.6571578890939738
 0.2286317947385203
 0.01727065372997076
 0.3491320411397884
 0.3780093178871551
 0.005907421742122487
 0.8696736253819096
 0.4986296542243986
 0.5360085817902017
 0.8567802541652842
 0.8259333339322443
 0.7444561103893951
 0.6187755152872632
 0.04448140778464198
 0.4378727413777851
 0.811492939578589
 0.7614206960311453
 0.4539990194239398
 0.3665249842959219
 0.1403482579263045
 0.6498931326901664
 0.7240588888840854
 0.5550210040866598
 0.1928110529311818
 0.1949518661653875
 0.6022624229881833
 0.4841218069127189
 0.1514632758918495
 0.3664517169574384
 0.06090235921199953
 0.2724328057813047
 0.6120607946314679
 0.9511508872504036
 0.8045217518188548
 0.9625757403407974
 0.06000131946070968
 0.7390720895077795
 0.572630145380759
 0.03443497997448501
 0.3254262659115787
 0.02253176169255193
 0.6788244155674181
 0.3042003113359242
 0.8846676654098341
 0.3439228023295183
 0.7576721567807041
 0.4889287203056613
 0.3725318718118835
 0.1054391750582684
 0.19890787055691
 0.6078217462530759
 0.8197944493083829
 0.8079595575616262
 0.09293914725239465
 0.5638836244515432
 0.8711582697479172
 0.3834822773848696
 0.3996164544306993
 0.4308144535196426
 0.4346031976634175
 0.1214015200413903
 0.9941623115792781
 0.06485925140583253
 0.3350394393306951
 0.7666610669511175
 0.1959875140304558
 0.1457693980757648
 0.4545830512564125
 0.7664159099254173
 0.8163950679360973
 0.1108975800169965
 0.8856448253547493
 0.311233328175238
 0.5355629960358772
 0.8632015777264274
 0.7573282777731125
 0.6162404426137074
 0.1367595043032616
 0.279129900502834
 0.3885444874576265
 0.5839669770284969
 0.3736512143455522
 0.4121434506273978
 0.5197459268962606
 0.1653979346960169
 0.2592899428076695
 0.7871301598885091
 0.5707543920942313
 0.05403790478234775
 0.04544958821009219
 0.8351616403096259
 0.2170647991494277
 0.8954885457892273
 0.2205943709737736
 0.1333939297314172
 0.06146167465705214
 0.4755896851577862
 0.270900707421438
 0.9062714226196085
 0.7232729953502146
 0.2014443141185628
 0.2507795425768932
 0.5533895214534632
 0.06685898812374573
 0.1703479727572286
 0.2522712142625719
 0.6119689897382266
 0.6468378377663258
 0.6277622075738332
 0.4602252872813048
 0.9796611521132079
 0.537114558367457
 0.7516433011767671
 0.05193023618587327
 0.6867505398487257
 0.4485236642976806
 0.6100736863367111
 0.6363287318875681
 0.5153752830684483
 0.761677576879678
 0.9777592953650781
 0.1923481973920086
 0.29207785810056
 0.9770697122980134
 0.9946808084182205
 0.1532900703282404
 0.8432658223027082
 0.6757307993696923
 0.8439683921836532
 0.08703133728106276
 0.5768828660378854
 0.02340434569728815
 0.4160878378860399
 0.6119072734599942
 0.9951301787058662
 0.3201134094785226
 0.3894824285946051
 0.4069993046229619
 0.6046435259742163
 0.3441446046529604
 0.4795257658393774
 0.6952943841586336
 0.8148009574755046
 0.5445179092498186
 0.421756419684401
 0.7070124076050699
 0.3718898463881908
 0.7481956916559437
 0.2231735266627939
 0.4684825856479666
 0.5661565963229483
 0.3180255083752961
 0.00127437492910647
 0.3355726165976476
 0.6428785351335026
 0.674351122950942
 0.4370437404196124
 0.2444136549999583
 0.1498042860371125
 0.3503462417043254
 0.2414243992450739
 0.9124006023482812
 0.06042499879020384
 0.001088491493218924
 0.7491347069322071
 0.2411506427958622
 0.2902021727638769
 0.7642707651376939
 0.04384142842385612
 0.998529726700695
 0.1238899300456457
 0.5017668073809683
 0.2088877457679103
 0.4712891162647202
 0.05561815035031729
 0.6822443108898827
 0.4198380402469926
 0.8244504112072615
 0.4666704416053961
 0.8358138086206025
 0.8520599543532786
 0.9429352151781519
 0.9244562193902177
 0.738894247263159
 0.7139334273308934
 0.159944187662574
 0.377963541152387
 0.01733931841952257
 0.4367957846211201
 0.5098344828725145
 0.3895187629131715
 0.8764618853963221
 0.3230373206482054
 0.4732971395781946
 0.8699311585439125
 0.09140896938807334
 0.4030609127418337
 0.9656703633155489
 0.1958749624990299
 0.05005611988735341
 0.1239065778970358
 0.100875391751779
 0.6214262932017659
 0.630149415730145
 0.291279547331408
 0.2830668013274232
 0.2694892941322549
 0.221773279553176
 0.1836838373542437
 0.9800150753238982
 0.1607920220573854
 0.2001300677093407
 0.430714732570592
 0.6758452301671218
 0.09015357123890459
 0.9669078810006124
 0.4609339828893151
 0.732082120952664
 0.9582725434982424
 0.5686201863641209
 0.9985483995901865
 0.2835644687577771
 0.5708561420026083
 0.0102526188101381
 0.8809896571475089
 0.02266128965187479
 0.1104905601695202
 0.4141072014816966
 0.9443135138154154
 0.4077744064807676
 0.7909180142638567
 0.4274030764375241
 0.6008867085110218
 0.07504522164101905
 0.8545105682080737
 0.7614497740698183
 0.2145571407877879
 0.9638027739303285
 0.4953099897533561
 0.0842732730010755
 0.7468917860923023
 0.3079696478239114
 0.5233156477394858
 0.696264410404082
 0.1455372463942409
 0.2950574940427066
 0.7866872578694462
 0.4168397190837327
 0.6358212784016475
 0.6661880606642486
 0.6293389394729553
 0.4887626635341129
 0.7819679133702195
 0.8559836619236647
 0.1299496799665126
 0.2783029298868714
 0.4024131950620216
 0.8824469315062545
 0.945524502144911
 0.05503071171784273
 0.4158498555751582
 0.9998577635116795
 0.6709498273947839
 0.3664441782550908
 0.4851122235807431
 0.8892047804365002
 0.08438148229116331
 0.2537111136152388
 0.6334529620226953
 0.8231886021664078
 0.3684839696395737
 0.8783877491814076
 0.3533238159269086
 0.6148262891937181
 0.9338871895128827
 0.1471454051386268
 0.5616008657965209
 0.2047380214398319
 0.05593283678688714
 0.370201656968728
 0.906342344889365
 0.07062424173785557
 0.2971184729790378
 0.547289717480512
 0.882508105535872
 0.09622754097385515
 0.6722368960464611
 0.9206345262181298
 0.9480491585565598
 0.9241136618176058
 0.2839400860711525
 0.1099290458010391
 0.9699222594450441
 0.2047053180285988
 0.1258530298274111
 0.3614706708430694
 0.832541688036373
 0.3830586999810564
 0.6625342312719786
 0.706680710462095
 0.5114100725111507
 0.8119119702976878
 0.126401882728867
 0.8894866036219515
 0.6844991634282874
 0.07110480500884435
 0.5324804923219627
 0.9908906485423309
 0.5703864709095552
 0.6305752565580919
 0.319177734009765
 0.3308631390332391
 0.6489565902107917
 0.07437965879894141
 0.4857009020706716
 0.1668380054858475
 0.4316129135355557
 0.8886182471697673
 0.6967233097636971
 0.4785645281568696
 0.1971845432454679
 0.4685163362858724
 0.1202393718936591
 0.8167119361354662
 0.7246157995829189
 0.4827953634295408
 0.4817052952040123
 0.1057161916180685
 0.4254160277268035
 0.3667264578990394
 0.7633341593558675
 0.7835806607474612
 0.8370897598023422
 0.4828057401878127
 0.8784701126239114
 0.6186709624225739
 0.5641100620240517
 0.5503894373493954
 0.7593659192283967
 0.4738480863429793
 0.4127899857160354
 0.7213853470235817
 0.02446570770376204
 0.9787760522445258
 0.9920702364772824
 0.9020257369199888
 0.2522687141961327
 0.941978960792734
 0.7872415409823615
 0.9483521409603056
 0.6269174160337038
 0.8280068260169539
 0.244642416642984
 0.8921185930257871
 0.7822848083679855
 0.6905974719164839
 0.743659984427909
 0.3231400959969407
 0.557161463726769
 0.04717988721982307
 0.04046898676606452
 0.2226757228794199
 0.2552316468940423
 0.9501250215652239
 0.06474908210469303
 0.9844801705385104
 0.3255998697302202
 0.9146229216116306
 0.146179909222784
 0.07557781209148266
 0.9538834186471137
 0.5559159518550196
 0.5891064596513731
 0.03572292204375953
 0.1186933871225521
 0.9665382215834919
 0.4543526359954564
 0.3374109030408717
 0.2062057729267066
 0.7865206513952385
 0.5571878931881846
 0.4288164552289603
 0.7257264877557038
 0.1137313002303843
 0.1099104198922933
 0.7170938977485647
 0.8872489945676324
 0.4877987845483379
 0.9971084943105721
 0.2050933339702338
 0.7407700112956574
 0.314344273074963
 0.06183869264426416
 0.2107176440526256
 0.3538024778524336
 0.3657887933811749
 0.8601683875800502
 0.2085378804271831
 0.1063461147087163
 0.827402481927245
 0.6025343516685412
 0.1094388179410786
 0.2009519556985895
 0.8971561283808167
 0.8052386945267554
 0.0580216523103551
 0.51417621172815
 0.5135215675008861
 0.07811324870741503
 0.490159201571427
 0.8864120955582256
 0.703285311498259
 0.653468458079784
 0.1945949900317986
 0.206540336455507
 0.4058502195442955
 0.8615273443207521
 0.7307669160482737
 0.01316971576259556
 0.8331065340852097
 0.7286004147997097
 0.5842099656403633
 0.8399139096687059
 0.903632988213134
 0.05042107852697512
 0.8927036750344658
 0.5587654167863443
 0.04744444636553106
 0.9578260833034026
 0.611645376937539
 0.51735490553125
 0.5311858374910055
 0.905646957731814
 0.3047961128056584
 0.5939670107300509
 0.3221980959521315
 0.5915020196504509
 0.3935454394959167
 0.235037629242465
 0.6540286730308948
 0.656192260294796
 0.8918004350467162
 0.5979199171436173
 0.1998208974558509
 0.6741928923287581
 0.434127130873887
 0.2590995773034583
 0.6637904891814286
 0.37278495317858
 0.7648479652450557
 0.6058102457039235
 0.9362881602614349
 0.3515625904564596
 0.3172173978929891
 0.8707886481254582
 0.6961396328956041
 0.7762054202390186
 0.4292741497873618
 0.2089935134651689
 0.1848387698089188
 0.09157742784357907
 0.2074644163560477
 0.5611962931105809
 0.933034000958599
 0.1314447319624674
 0.9270271067241891
 0.6242321375026908
 0.5128028453191369
 0.1901238863543174
 0.9767572725511365
 0.2578441616357852
 0.5487873095954552
 0.1962594837864396
 0.7889741823114437
 0.8706241194889242
 0.2805194634332657
 0.1347349588363737
 0.03681833238933678
 0.08673976576458335
 0.9981803007956004
 0.7654646395490015
 0.06498528106064898
 0.9094314900239564
 0.8208122124657586
 0.2721700387782128
 0.6711954974581436
 0.8993346587061875
 0.5245234819692188
 0.01247147414600374
 0.3848456017893916
 0.8287553305666755
 0.7239883264529847
 0.3910694320587444
 0.2293418939110873
 0.8587357731771977
 0.7385815433981481
 0.6691141305415477
 0.6413788781116382
 0.6417826394023528
 0.5729292329635762
 0.9581802095163641
 0.1051126578256934
 0.8062632027083255
 0.9101276945241851
 0.6830919976194815
 0.2413937717044529
 0.8480915284256588
 0.7727267745711202
 0.003525801697269726
 0.5476897297448168
 0.8287287554297854
 0.6245714822680671
 0.570076203717212
 0.5760581350389593
 0.6636827281417265
 0.4872562053776083
 0.7763741814019705
 0.1932865545637789
 0.643753926930171
 0.7088251032013463
 0.6990817447608818
 0.875478045594391
 0.9264923583295401
 0.2563209578505538
 0.9660232596608573
 0.1596321332196575
 0.1239616267548749
 0.3045098037834494
 0.2408908496186479
 0.2211110045078081
 0.3426986857213744
 0.3950888149732016
 0.8772640436724722
 0.2171364836245206
 0.8719491971647629
 0.7454190615840793
 0.2557192036301989
 0.6771851513596061
 0.6239589181195425
 0.1955084369556839
 0.7426375792110612
 0.705832013387417
 0.7543267343864819
 0.06413798525083285
 0.2914530179695773
 0.2051910700395239
 0.5024517783462432
 0.2723520620158252
 0.6356669949145192
 0.6861685985465474
 0.8605086076190188
 0.1148494155392189
 0.4394375276137905
 0.8229849870691851
 0.6833673619177044
 0.5737063500474197
 0.192873034530104
 0.3016011095794598
 0.1314305778217781
 0.9108130339421895
 0.3402638646939953
 0.3601493142111361
 0.3656172711717182
 0.4943721380253625
 0.4482839332520491
 0.8609867483565309
 0.2286958829836357
 0.1826199829564965
 0.2771959543240216
 0.04942356520367024
 0.4161046220919429
 0.04139576921364922
 0.09919262157461022
 0.8950814797558667
 0.44668546824483
 0.1794988594370939
 0.8498271368213157
 0.3895349115677142
 0.9059716039620562
 0.3159902790807577
 0.1105914231403533
 0.1671932472024288
 0.2364350616637418
 0.8447214890886579
 0.1552954815051861
 0.1032577706232021
 0.6489627669118174
 0.8986275930136129
 0.3129523945104272
 0.3232816406982457
 0.2224212706150828
 0.6398433855571509
 0.3041665647509132
 0.4859959893263737
 0.142574889820523
 0.09821859242904767
 0.7248377033461533
 0.1331950332663372
 0.7827010902276702
 0.8168140791224447
 0.1168226188201281
 0.2574528750387116
 0.6839779246401756
 0.4580048007324483
 0.1558145301468928
 0.5440686213085295
 0.2066121653784231
 0.1819876226785043
 0.90179586208278
 0.7796484050705337
 0.1788127057773788
 0.9610458692462194
 0.4192706253720288
 0.7119427683036035
 0.9743429852446616
 0.416035248361757
 0.1068861486790197
 0.8766633382055334
 0.3989648608485392
 0.2396617567380523
 0.4187845163317401
 0.3843573940305856
 0.9829968703834936
 0.467561139561785
 0.5263280234599844
 0.3877652688478782
 0.1050821740395862
 0.8851110979268422
 0.32665083483619
 0.3987995337327945
 0.3851612424845546
 0.8599882851939097
 0.5058596239904571
 0.5881198055654875
 0.7574386846003236
 0.1307278139593341
 0.8940650837151286
 0.004827102645514491
 0.5369393109197139
 0.8273159064389881
 0.3877965747252685
 0.2901265512992715
 0.2659058022982986
 0.4635346430412529
 0.5833967218860869
 0.1254604642107486
 0.7428931160618968
 0.9076592380499862
 0.383431022161342
 0.1380642002287519
 0.6693761722636538
 0.3801273423647037
 0.5389320725809037
 0.1140089758944516
 0.343052089484474
 0.9736089989561286
 0.06227350105649603
 0.2633816957024924
 0.155524628243786
 0.168399118013399
 0.6401078111252606
 0.3745485489519241
 0.4589172566477455
 0.5395180506516587
 0.8815651534791532
 0.3846965358603209
 0.146879668602725
 0.8812970099259085
 0.3355420372512634
 0.1469494366274718
 0.460016393549896
 0.266231923990782
 0.5083146040867957
 0.2842723238576283
 0.9317389521934103
 0.3134586673188411
 0.9284954554585989
 0.4377347269393533
 0.3799547240478231
 0.5895966023970149
 0.007441621393117925
 0.9208860871973432
 0.9965231519705432
 0.7621149119122045
 0.221189851545293
 0.5437703313269355
 0.02787077745037441
 0.5620240315015872
 0.6116833233212655
 0.9374548454927387
 0.3993430534649368
 0.6510942970595328
 0.9020367902603086
 0.9913446986444295
 0.8659617880964774
 0.07438846260597769
 0.07997650427874418
 0.7342768000334016
 0.9924854542888411
 0.6516241101383708
 0.7292106625090833
 0.7088912623886783
 0.2705522348306467
 0.300988677724235
 0.9230306099222821
 0.4813970696190725
 0.2021080433131537
 0.5355392034881954
 0.7479393822192792
 0.2628547402073438
 0.457040866609048
 0.07921938262528221
 0.8601238850218188
 0.5628603360038598
 0.01701216523905662
 0.0614543259098335
 0.9008704083865604
 0.1370235018341112
 0.7638812304000934
 0.933533421763648
 0.8475560382660997
 0.08395621642379651
 0.2241712809861032
 0.01968475056270218
 0.4991886359644837
 0.08221525192974992
 0.5240520808614979
 0.3850368556521076
 0.7688701381866246
 0.6278980668870615
 0.5281392993227423
 0.6695953387684013
 0.8713962650100082
 0.005721531150670023
 0.7713072555213563
 0.947799714066785
 0.2530447611060688
 0.9351337410134152
 0.04137821050724048
 0.07414008396533049
 0.3626132288801898
 0.9257843614422289
 0.1859680460785733
 0.5795777926677442
 0.3786480852384319
 0.01374235069489553
 0.7731823593253058
 0.963429247809495
 0.6023985559879166
 0.2949657578687063
 0.1575567822911793
 0.4954166571091065
 0.7917616083395596
 0.3273095951440897
 0.2085937869190714
 0.6796129260863617
 0.1929717589262982
 0.8799676778344088
 0.01083282843169546
 0.8283305588615313
 0.4941335543375898
 0.8429482688543567
 0.9936172257655276
 0.8786223632514214
 0.6893071862345199
 0.04090549170955408
 0.9526572417507426
 0.1308064286951982
 0.6067901442852581
 0.2180396492872731
 0.4593914782577442
 0.4297574606576099
 0.5416721762256783
 0.4372823052784248
 0.1897483669343131
 0.1167530589917043
 0.04941955967881177
 0.8630788202795384
 0.0772823926085872
 0.1072307160074498
 0.4141875587083008
 0.7015269306805852
 0.7561630693272616
 0.303265828460328
 0.7756617513459527
 0.4768860569200875
 0.5992547500617201
 0.5694424721533434
 0.04545585293738112
 0.4474520447917322
 0.937759512181678
 0.706631519574176
 0.9605306386511472
 0.2995230685565739
 0.07030258460340404
 0.3423257778134304
 0.9290645361000059
 0.1317170198217897
 0.345913494699765
 0.1225053080095451
 0.3327024718717076
 0.2303742120650519
 0.9385636699876546
 0.4418874517401075
 0.05940720313194763
 0.1089656671688818
 0.1646686509893212
 0.7313972806342769
 0.2670998550228618
 0.2328928919038898
 0.9091095674531
 0.7675659725859272
 0.2591438264288213
 0.7109115337764328
 0.9953347559460266
 0.4722229297462415
 0.9651859095483373
 0.09911630761121119
 0.6364500227793755
 0.6434559321227953
 0.3916081572301421
 0.4053403655209218
 0.5400951868584694
 0.1298221711964109
 0.2917474184524178
 0.3084920407307731
 0.3946923367766905
 0.08970334562297592
 0.7968064412798667
 0.8119993033763403
 0.2651683710928298
 0.06519080141375326
 0.6638948299500291
 0.3349070027618686
 0.9486915276252208
 0.05172196536452127
 0.5496180082027229
 0.6680085046881764
 0.4898788482760647
 0.4961231392024851
 0.05976474149678927
 0.5635813238133053
 0.8782233442475429
 0.9756798136512345
 0.4375849259568484
 0.6574940924664036
 0.6970135416112629
 0.8300115808575311
 0.607865429495521
 0.7654824472021718
 0.6989643658346493
 0.8965112629791004
 0.4365918971597173
 0.245797251803075
 0.2230419702834047
 0.9977753334909478
 0.6931574499308374
 0.8935025122132653
 0.9068168945651903
 0.2615885118373177
 0.9810627289438504
 0.5124739110725058
 0.3731860704890123
 0.8986967329780322
 0.6246668238687862
 0.1087258923976705
 0.9603253930493986
 0.9782446337846297
 0.2433557383974872
 0.0027487012388973
 0.1977445449978947
 0.01877373907683315
 0.8776060012104714
 0.4808238446957002
 0.6541043252417974
 0.4866600090574841
 0.2529194498712022
 0.5926690598422101
 0.7694135219939455
 0.7846913089231412
 0.4168805442828638
 0.1276130455106796
 0.1462022529868293
 0.01992029635776886
 0.4111749498946104
 0.02648093563539382
 0.6481796851929057
 0.4763741633723912
 0.7360903965873568
 0.4646354232028162
 0.2520847808235367
 0.2461938008357867
 0.2447996393067982
 0.7541640375950597
 0.6855041943160193
 0.3485036391619754
 0.6701638436386542
 0.7558182057353473
 0.7112232648941001
 0.03980437126113583
 0.9140518605583043
 0.2680198080346352
 0.5307059537620565
 0.09926776206129755
 0.3544528372553036
 0.2483536615362319
 0.247522669218237
 0.9181372486257409
 0.4870925514317797
 0.5688413511738858
 0.4557987562740957
 0.4868503167565051
 0.8049261399704156
 0.7618091521083284
 0.5735219989820721
 0.8299633883873975
 0.6418596958434784
 0.6594319437809426
 0.5316942205617329
 0.01562669542301913
 0.1373770769181011
 0.2971413120244457
 0.3569758906511656
 0.7541899810606295
 0.4592002548055442
 0.9170972911446772
 0.8374147965162796
 0.05988925975272445
 0.1560460688144902
 0.1010379082333646
 0.8249275067861929
 0.4772141155289989
 0.4534726479752803
 0.3837498397259178
 0.02298672604763723
 0.01350082299377591
 0.2400872656870609
 0.678759781770918
 0.1089071589277897
 0.1218221525086443
 0.5807304915248361
 0.1049290254419445
 0.09009894074618989
 0.4837370088320165
 0.6906114460608983
 0.3898105225085877
 0.3093869545551588
 0.2718481498230733
 0.4433922545625927
 0.4696405357628068
 0.8985513045793526
 0.1027887717549534
 0.4493061652471338
 0.2405284565348598
 0.4418252850972939
 0.9499640752126041
 0.7506900295496342
 0.6692641670011996
 0.3448635566073814
 0.8615754316704629
 0.4170671149785836
 0.6442885609330012
 0.4022966286712079
 0.2985494695447347
 0.2651589127550535
 0.734316785660819
 0.9714454331395208
 0.0229448034876784
 0.7740468848897769
 0.9300581990796063
 0.8631522586164713
 0.09741926847217357
 0.3669399851669011
 0.1196371503250588
 0.1068404322247241
 0.5008690554441526
 0.7711903906797808
 0.5874582828301838
 0.4277934809425426
 0.8684021944047565
 0.5919936080601351
 0.6441168449022161
 0.4880723625936658
 0.9049216821292316
 0.02466582851597925
 0.9464213103968812
 0.1938185969662826
 0.7744662386446581
 0.2829344954760403
 0.6634994162948339
 0.9863747763069024
 0.2799191203104348
 0.01526791028039447
 0.1578224809943573
 0.6042297276650446
 0.944434090426994
 0.00675095695942578
 0.6277372787601473
 0.6886668847517458
 0.285045029172641
 0.6514239098819727
 0.3258885257591242
 0.9456061081255315
 0.9210832136352489
 0.7339953471190978
 0.7522845081448655
 0.1534682696553942
 0.04346678877638392
 0.1315868015090454
 0.2279730816071249
 0.9045049763312173
 0.9350040287868374
 0.03633270982746654
 0.07620135531502108
 0.261291496015884
 0.8324082997476431
 0.4204918594139426
 0.1059853306023565
 0.3698880961578192
 0.0545403701216504
 0.1549974398997
 0.2724163386234857
 0.6461281984139629
 0.3863180574247486
 0.3910214095254209
 0.8829703665015433
 0.1503349798575894
 0.1545058121173602
 0.9105194799721461
 0.2215392715097541
 0.1569795810270725
 0.9305143284600921
 0.8203624118471258
 0.5084798636631017
 0.3349360212532085
 0.5081504664833987
 0.3478567303031462
 0.2649175561383273
 0.004141875870570399
 0.08194584444310875
 0.8775507669555926
 0.4092542695882123
 0.06215817112745552
 0.4744986988577398
 0.004540028726026812
 0.5599190067710729
 0.7160155257647334
 0.5212227766111767
 0.976742052826949
 0.1803638234829154
 0.1917991846830439
 0.3302786089635921
 0.1722140796975826
 0.5476860142919618
 0.01447146489373246
 0.8831075922065467
 0.2712300798094354
 0.03309663293414049
 0.4714044678847083
 0.4876793280215398
 0.6121344316492825
 0.02445373292812274
 0.07988985930033625
 0.9283270422355869
 0.5955443307421523
 0.2699697525429518
 0.2521355060698097
 0.421166715626572
 0.0784345797524884
 0.2083677088345712
 0.08225351488331793
 0.6220247403518933
 0.6891064388350127
 0.1825879527546494
 0.1359669189148333
 0.4896843530994647
 0.2792288580614085
 0.7894602968947202
 0.9436391235948227
 0.8206950826597003
 0.4262538448318285
 0.692192212839033
 0.3306572538982723
 0.7873146057479185
 0.1672463024288719
 0.4898359795034566
 0.302713530092047
 0.5630176683208831
 0.9275335716233298
 0.7398280279019779
 0.650297596549984
 0.08520332354121866
 0.4767931282851646
 0.2204563129401524
 0.9680845659684004
 0.5196568437031418
 0.1633059311671328
 0.8378647771537635
 0.2089934506617169
 0.5962600325050972
 0.709176370397229
 0.4367176127075972
 0.4671652050943737
 0.4780473718140587
 0.3005242656659223
 0.8655377696450578
 0.1400304400677062
 0.7028617180508032
 0.2504110838173413
 0.2890661558795025
 0.09255882728090785
 0.1802294928988434
 0.2319669930492357
 0.3286991425630908
 0.9370818456303565
 0.5902819015004339
 0.5279649107832718
 0.6004833633158416
 0.3266782302334651
 0.5423206520033458
 0.3888018832859854
 0.7980004768202612
 0.5797914979766895
 0.3117979097772423
 0.4819493937508041
 0.9490299879285345
 0.9884102046647671
 0.4746969986689835
 0.6363323497190577
 0.1856898322238013
 0.5290903838405043
 0.8242387033157821
 0.02365146065986183
 0.8927606468756426
 0.06118910714849239
 0.3104781442786855
 0.6237373033385375
 0.2252875934097757
 0.6377173015760342
 0.6903302315183635
 0.3693357099223338
 0.9964120492322296
 0.6880763255293497
 0.5600538623401059
 0.9239625682965783
 0.7974922520005365
 0.4744797643202377
 0.09533137212201485
 0.9932117603304511
 0.4545577915665254
 0.1846985667736357
 0.886036080375218
 0.587059986902142
 0.2090713349605932
 0.6782300551650401
 0.05254977071941506
 0.3831412047410066
 0.8926107055554847
 0.5674420697456456
 0.4957715729195971
 0.4566491553876762
 0.7425030880345488
 0.2633965019138738
 0.8643830409476713
 0.3504529827875383
 0.4398518539485501
 0.7497422328571324
 0.05200259329852357
 0.4825513107235266
 0.8022761357136676
 0.5733254359383417
 0.6375766370015217
 0.889118988184169
 0.836125765738593
 0.1292406261803759
 0.04946224916566748
 0.6352802666456511
 0.9238529830345141
 0.3490503687481948
 0.6312189342314042
 0.3756198925160502
 0.844190503436137
 0.7784169151319116
 0.354293529552205
 0.1969247676591072
 0.4535629445166362
 0.543109294874319
 0.16059674645021
 0.787661711272572
 0.859198023884135
 0.4572596159545839
 0.6940896325588741
 0.8918172103988379
 0.00332245119026513
 0.1803976551088023
 0.7749990302565321
 0.446611629872727
 0.8777304786305625
 0.2751514309970693
 0.9413284508601092
 0.8637125938939048
 0.3837717484486021
 0.6626562739550399
 0.6945690944434191
 0.8664352654265349
 0.3828205989398668
 0.5913079714119757
 0.7645600666768341
 0.7672174464066503
 0.1197400209288574
 0.05379615410085851
 0.9007605767535247
 0.14510643087414
 0.7875406503478583
 0.8459412424051207
 0.8792798941956133
 0.1990842335290554
 0.2593051298099489
 0.4911230921671395
 0.005206019803650807
 0.9270622970595149
 0.7137535444864167
 0.2124160676379046
 0.9393236092322483
 0.4466837415316817
 0.3163224877613285
 0.7380361929044355
 0.2907114793708449
 0.859777129299139
 0.08165620217550267
 0.4861106980214413
 0.007925976414146097
 0.6366727252867748
 0.376892783871601
 0.9411278269094189
 0.2487285225743298
 0.6827924420764254
 0.03686029311880572
 0.7202977287909066
 0.777733315913521
 0.7753309239537418
 0.5666753768651406
 0.4353643357683244
 0.02157683009642091
 0.2856337509368356
 0.857016519037991
 0.8767923285674146
 0.3815413264440899
 0.6948598216505117
 0.4024535888485734
 0.4172065867545785
 0.9456650153593144
 0.6773778374523333
 0.7526630924431078
 0.1919965485900402
 0.1160617376488774
 0.6437450637790284
 0.5813224042851975
 0.1182993460996236
 0.9661349463874483
 0.431474472375775
 0.7471288313648298
 0.9196485242137439
 0.4733980795837693
 0.5091123245791932
 0.9512683750222986
 0.836171293836495
 0.4682975611083545
 0.96195729889601
 0.5152807716076574
 0.1492919365848808
 0.5795027662441093
 0.1602170254932816
 0.9475954703177244
 0.01644006391586377
 0.6035662219355294
 0.6375323284522981
 0.03583983985193299
 0.6794332098913883
 0.5656183213089817
 0.6910864542051104
 0.1585795407007088
 0.2624309009711317
 0.9307237490306361
 0.8640996875899558
 0.3243425068865128
 0.6736569092064622
 0.5277953220991588
 0.6656112611962055
 0.5341397942670781
 0.4498909521401712
 0.3145736953198724
 0.806949848573505
 0.2684077670300545
 0.2453758951792274
 0.2035432420079442
 0.4801296496484317
 0.4790435818548129
 0.104000361237231
 0.4535256919985548
 0.3022935560779994
 0.4873477279326079
 0.6930031747505083
 0.3417393798939691
 0.8879600804189243
 0.8311349169810293
 0.9718847431378579
 0.02521602225733382
 0.8367752060688958
 0.4748704791485666
 0.5475476095885251
 0.7425895596374716
 0.370524693635542
 0.7601628430165268
 0.3207592884540582
 0.8817020153264401
 0.8743840466342923
 0.1124642184924057
 0.03562374778215065
 0.3308716638906463
 0.4179227559366936
 0.8064438152639042
 0.7325635813258725
 0.3665243472789019
 0.4678650742485143
 0.4053824313057453
 0.4437891472066173
 0.5198550020513597
 0.9920332191145816
 0.9799615165223666
 0.6730422629592706
 0.9065621792207078
 0.3534749073126714
 0.9193395912680087
 0.08992209939222499
 0.2277365226825026
 0.7857422911305928
 0.6806896988141071
 0.3605814006340881
 0.6008654266403773
 0.9578396267621142
 0.9112047287173225
 0.4482895421591297
 0.3897134454023459
 0.6071975249985346
 0.0809891257171365
 0.9589890554154942
 0.1946826229261464
 0.3373975866955835
 0.3748141237175227
 0.9693678305437216
 0.08200387223953946
 0.03169536161459345
 0.2812811765552534
 0.7278133510292557
 0.3180678599709966
 0.01850386484716708
 0.5470485742115196
 0.6191759417896247
 0.9275220903942154
 0.3372643380788589
 0.2872449347500401
 0.2888537359511109
 0.1492974630419086
 0.8408819345687351
 0.1999580696615897
 0.6743922094007326
 0.03787718368359021
 0.6983787540183222
 0.9848337366298296
 0.09359031311861037
 0.9032932381524374
 0.288188482410993
 0.5883258751173553
 0.3332499606315766
 0.001357952250781547
 0.3483515448943461
 0.9567722884978126
 0.5457318431083035
 0.0430727196624459
 0.159679624016781
 0.1075535468643482
 0.7488793333938097
 0.8286298347952897
 0.2294509203954607
 0.8564494102312967
 0.0782734430266752
 0.07953119715736627
 0.7036181808591788
 0.2935589654792005
 0.460970290490267
 0.5103778210249854
 0.9963915629673158
 0.9601401675117052
 0.7796112133884876
 0.5411033633502327
 0.6101764108245423
 0.8652940950619586
 0.9466019305239786
 0.7607226864929179
 0.7245060237335551
 0.7925899258625924
 0.35312327024681
 0.3153923679498367
 0.6619132614724358
 0.01771076181846347
 0.8851538564241895
 0.5245537660266313
 0.7838564452779366
 0.01387846469231917
 0.8670994791594714
 0.5699523257973532
 0.4228157599007878
 0.2012864328485216
 0.3565929338886349
 0.0006349011073775613
 0.08764498101020139
 0.7831741005540916
 0.1447193445503892
 0.05568033738640669
 0.9237611410294208
 0.9657900512728386
 0.475029762816117
 0.2030911769383268
 0.4305180976013871
 0.2971267505367208
 0.5816620966350912
 0.689194550963768
 0.2207083992235685
 0.9895460028187145
 0.6017555034516624
 0.8487222267803336
 0.9726960440380721
 0.2362078712050701
 0.4082226175276438
 0.1915190699233461
 0.8839665631205386
 0.8031147569384722
 0.456705254724757
 0.6384829857476938
 0.570333983419561
 0.9921281117210854
 0.9198883992671271
 0.1250973449436139
 0.7827869157249732
 0.1770174707385389
 0.8622868516232388
 0.5138559226582406
 0.3959182341771167
 0.3890661941867568
 0.275281898263838
 0.6483699563439063
 0.4859054405242553
 0.5888395154550572
 0.2605023843312654
 0.2267492615898917
 0.5885358094931904
 0.104111320715462
 0.0451930733388302
 0.5371797413481165
 0.3587485862897311
 0.6985531170113979
 0.1494790677324682
 0.7068872200053217
 0.04692173708948692
 0.5477174790088978
 0.4487645604011323
 0.8903068862994342
 0.2501509215106241
 0.6686242276467358
 0.4024224815746743
 0.9616316816294651
 0.3264769992120052
 0.8985923108815275
 0.9022136944948217
 0.7771120326403191
 0.6237447979381218
 0.1572076863309829
 0.9901138627961784
 0.62606171049894
 0.2611403128237327
 0.6105168835316179
 0.2997228174647242
 0.1627612786837165
 0.991269223826124
 0.9413948017199845
 0.1886539147337594
 0.5757668699621813
 0.9501320846728959
 0.4949004569089797
 0.1482205106475252
 0.6687208187890363
 0.3878504469081861
 0.5726898093790239
 0.1804467095298961
 0.5002537369460678
 0.3078088587235904
 0.7328623633431521
 0.9895972843365686
 0.9411860877650393
 0.1893146114718829
 0.5931363671270493
 0.987974408647579
 0.3751923512975167
 0.1581127033402306
 0.6033697048563254
 0.4130807754137122
 0.7718953169085957
 0.07347049504746699
 0.1821959434030138
 0.7720337271361423
 0.183731150060345
 0.5048391520270334
 0.7096781593506258
 0.7880579205516168
 0.4640627743889565
 0.09507745549622808
 0.2000389942758373
 0.1543857597702341
 0.580008096631681
 0.06330872646331669
 0.6119572073175533
 0.7523261878611782
 0.792849474869971
 0.1537281604498513
 0.09407189365236006
 0.51208132475466
 0.1154417400831274
 0.842784002761008
 0.08973556967245104
 0.6601039986837118
 0.4105443430329164
 0.05407802003442301
 0.3932626561390165
 0.583205848514763
 0.9534727324882872
 0.9848604862147107
 0.1237253619856475
 0.9924590978865847
 0.1802949520657135
 0.7250205156271311
 0.01883037476466492
 0.8167296278942461
 0.7010871218912733
 0.997737995946097
 0.8384763202599967
 0.1733493811819998
 0.936619950663127
 0.2487072014882638
 0.5248397967615018
 0.1723279628340785
 0.3962967883975362
 0.475521594302697
 0.8919542142554766
 0.8833216462999242
 0.2959094795731786
 0.7073258571618134
 0.7070297863915489
 0.6248208208330742
 0.9279117933066031
 0.1360773902076896
 0.07132913689585145
 0.8492010960172299
 0.6894044401319551
 0.2187756720828212
 0.09447674143296651
 0.8091828479321493
 0.6284983515492363
 0.9828228709993891
 0.8405462009899217
 0.4434083508966535
 0.9597404035186902
 0.396635240994049
 0.3788105188118916
 0.3673664814570362
 0.1416288442132197
 0.1857722333840111
 0.7195965201533425
 0.5477752602063392
 0.9319587282686015
 0.6184655308351839
 0.8130532212247807
 0.1654729372187123
 0.942407921541595
 0.06316786313405102
 0.2499438337598743
 0.1243493462928428
 0.7136962710915503
 0.2521078230254563
 0.2170623216996897
 0.9991881881186323
 0.5516280936704501
 0.6548810369767328
 0.5237329587314437
 0.04525535772390858
 0.6780052700201321
 0.4691279797208055
 0.2837286318914926
 0.42146651260287
 0.8436996270744742
 0.8693688246062407
 0.2412549842677497
 0.7582321153438465
 0.1577718319285668
 0.708926229617686
 0.6714145469942547
 0.9921732278129544
 0.5977171596233303
 0.2666743407139031
 0.6211675485387151
 0.9803165865996125
 0.9546507144452755
 0.5024992184016382
 0.6512542716303857
 0.5159475389599402
 0.6250444436711443
 0.6931010045193078
 0.3306896770158854
 0.2048442052887945
 0.8015491584212366
 0.4457601989987881
 0.4130775338411882
 0.2814076545426739
 0.9061570342523789
 0.8212568026857278
 0.6491370680711367
 0.4459467387705991
 0.3988244034346444
 0.8801424680037363
 0.411872759096904
 0.4482148854640375
 0.007106671058117175
 0.7054993128738635
 0.5763327210677194
 0.2242932745106003
 0.2437426168059211
 0.4019461177256303
 0.5684291465905216
 0.1261161380598058
 0.8604941267101633
 0.1437326539597749
 0.4658093188823482
 0.8122932154429375
 0.8678235930285485
 0.366945846668697
 0.8968177532074375
 0.3651998005217034
 0.5066019804974126
 0.1862856375063685
 0.03026989359613201
 0.8394832012650183
 0.6188229810268251
 0.5158866035503296
 0.3347744826393769
 0.5489633216030736
 0.5854442413638492
 0.07199338874531862
 0.04297816463273212
 0.7843942442841847
 0.4509838657997776
 0.131358772060648
 0.4747408053196771
 0.4198556533326069
 0.09830595476199903
 0.167700880408323
 0.1604480056847113
 0.285015278889224
 0.4104329693947366
 0.8887284488983203
 0.4269691052910412
 0.008454840449024382
 0.194026374096947
 0.8008482871941615
 0.1395723783137382
 0.4217779349575474
 0.06238010590583391
 0.1322107362257693
 0.8192134136357915
 0.02169729743842324
 0.7990485790894888
 0.1861268336210892
 0.5845034866302066
 0.9315594965295068
 0.8583258953160988
 0.39889770219357
 0.9193053447734655
 0.4246336596265963
 0.5039480336627364
 0.08884744019273787
 0.9566018424725088
 0.9980416705704043
 0.5287152486014215
 0.04445561085889553
 0.6247861460582339
 0.08059493713142755
 0.7236939985994666
 0.5875457067646344
 0.2058529218803059
 0.275362649615083
 0.4485056941717768
 0.4902207868726096
 0.349575787847388
 0.4568737580294169
 0.9586650019282783
 0.7873310900257577
 0.8650389687779826
 0.05401045979118461
 0.9979749042292306
 0.4419916680874158
 0.930521499938898
 0.9108730843218904
 0.9857089282249207
 0.569952942297293
 0.9200136584263952
 0.280019947750858
 0.7062693708225444
 0.5949457822225657
 0.474022953439662
 0.4381435926865846
 0.02910612997147737
 0.2926475497947029
 0.6965880916387919
 0.3831261399385869
 0.7774941432380994
 0.08717444021277092
 0.4078102596948829
 0.9546211650950631
 0.471823190711195
 0.4485986960490112
 0.06709725087534761
 0.3540290209039786
 0.8635268302742921
 0.1683063043777983
 0.9700962442544425
 0.8403861203815506
 0.8486791398578669
 0.534900080844969
 0.7757406468681931
 0.5735592311147159
 0.2409045270976906
 0.9449677045424962
 0.1814204138887296
 0.120925579274811
 0.8491279464208261
 0.5513239230630413
 0.4155175783407218
 0.2615686058817294
 0.2312743666455098
 0.7165305768333777
 0.4275630847211222
 0.1689786975553546
 0.6294969868223842
 0.8540611014846694
 0.4480842726840671
 0.9612882629355841
 0.2834893960217169
 0.1209985762414358
 0.5565813606360508
 0.7489632595389383
 0.9101446548611285
 0.9234836720601165
 0.1691712979069181
 0.3977007195281242
 0.1179316480909242
 0.9386883017179826
 0.198102785253267
 0.4717741926759211
 0.4379798255674032
 0.5213573970097729
 0.01635695361875671
 0.3997174305425155
 0.06897733817580125
 0.3913795476044798
 0.9364860008601867
 0.4080729199093819
 0.8817870527780426
 0.9091189911115822
 0.5271078841403563
 0.1237528494786542
 0.5381434768288401
 0.6945046209744072
 0.005487022966304922
 0.461571032257877
 0.197006298640268
 0.4034752577094207
 0.3971030063287953
 0.4172301575979189
 0.07747219135485232
 0.370150164607227
 0.2784356058248168
 0.8679099974502683
 0.3892704718184155
 0.4873508075509003
 0.5883104180787956
 0.3137388911221867
 0.1636380717612406
 0.9226505604950936
 0.7980607616782999
 0.4175463606311805
 0.4819878151170524
 0.2274672361434414
 0.5337153159809189
 0.05583459837052811
 0.2795401092816572
 0.7416512822586679
 0.1092385549770187
 0.3991675636341832
 0.2186866450620897
 0.5018334639126621
 0.5098355150938063
 0.05146733226546578
 0.5055303114533355
 0.17559908951908
 0.09009363403929409
 0.2211841601189463
 0.3609614694406962
 0.676905885848483
 0.2637756937748714
 0.4482773508448383
 0.1468085696386901
 0.4813937165574674
 0.02107689795581162
 0.6977335412090052
 0.06189017023928493
 0.4460043094923266
 0.6669727581033683
 0.004105136109876328
 0.8388596765351468
 0.3533217158565643
 0.4036549347234029
 0.6788570698756753
 0.1817031224708641
 0.6253244870587972
 0.2570241533644463
 0.7632475182815143
 0.8313459044378895
 0.02625220103987307
 0.02122597556127441
 0.01410741240480222
 0.7069359170887453
 0.9022084431684443
 0.8450545078311814
 0.3636867391753152
 0.2723291308542339
 0.3014635961623962
 0.02696720316599937
 0.7477550543627028
 0.3719274175762542
 0.628977882978227
 0.1624101490407796
 0.8753726062237935
 0.2296333636145411
 0.9065723017220092
 0.1164541526204991
 0.5381649366742428
 0.4649593917986332
 0.2360172281916916
 0.9310601419271738
 0.09278967636911066
 0.3941181285493071
 0.6126537665533573
 0.5320202921229403
 0.986571649344305
 0.729335823009911
 0.2883959451637272
 0.1356953466763817
 0.1981921496290313
 0.9978146443938909
 0.2921381712470779
 0.2606514646769501
 0.3385376091937738
 0.4011487640134819
 0.08944914393233087
 0.9694137583167275
 0.4139493603601086
 0.6601664174161622
 0.3903837387376779
 0.9072635691712102
 0.9461856019762159
 0.7206266983927649
 0.8401426173572136
 0.6567866823248185
 0.6358233399400297
 0.395793441639378
 0.1117477009181565
 0.568414487497789
 0.2588655439204178
 0.2160361927995655
 0.8035156250982256
 0.8455357987156321
 0.6810797173025599
 0.7604209710969508
 0.5461992066094289
 0.007239841848840789
 0.2240178178954236
 0.6046028979230331
 0.278532202276646
 0.02409106927294684
 0.01429596267330873
 0.03596921692316328
 0.01313715438148326
 0.5833488355764492
 0.479738584209741
 0.2239970320406627
 0.338096527968994
 0.5699309562592307
 0.5941865802997175
 0.5696658373910701
 0.4624315294066594
 0.7452980878470373
 0.9145060410313167
 0.8109665938348265
 0.5319919018836897
 0.4968188714103225
 0.5264715700439541
 0.5312705812230593
 0.2169986285088987
 0.4694806924818538
 0.4193891245728953
 0.509985601679744
 0.06077131344930457
 0.1834062314355279
 0.2017968165839042
 0.9881591374051554
 0.5709018138979953
 0.6911044932416713
 0.7294947010821813
 0.6139021004324453
 0.3719577486258892
 0.5379881365895368
 0.003536399381909017
 0.07709542534943985
 0.7222125092247363
 0.6723256161395494
 0.9992532061538446
 0.2392180783352519
 0.1304368426133961
 0.9298203961816086
 0.6557297699052875
 0.06943761811049247
 0.1230919647655893
 0.5980096831683506
 0.2007782537058132
 0.3781626032109477
 0.1529809337876737
 0.4506716514886182
 0.6808764378384925
 0.6106047542750276
 0.6118023156041448
 0.05467006557530256
 0.9237797538270034
 0.3174344846752826
 0.7086688435999184
 0.7025195031106494
 0.5565317029102768
 0.5568529586463127
 0.9536099647755713
 0.735383670249279
 0.4355513521194278
 0.5955885966114546
 0.6996693973960418
 0.8849379711368532
 0.9417590376515907
 0.7028627927346019
 0.9270302378729101
 0.6063556080393078
 0.9763920370024504
 0.9547562272120123
 0.2190167133874706
 0.795117069338761
 0.4788239141015171
 0.7335843745451383
 0.6960182949929834
 0.7988130632327493
 0.7215672504040379
 0.9601036965366992
 0.9348698110943111
 0.06257799224512588
 0.7346696740141999
 0.1332128234537136
 0.4792348276920046
 0.08179106959954867
 0.3043447030893013
 0.1477005842989698
 0.01176194606404539
 0.1895515186105699
 0.5959202929679924
 0.938796986818153
 0.4319924370486978
 0.03005000628884718
 0.9226222480278942
 0.8044244654117257
 0.1416895505572035
 0.5958845828017332
 0.6874444557959603
 0.1222439813808624
 0.02203779569895064
 0.7979383286101948
 0.403480842890015
 0.928457726527297
 0.2109359340969137
 0.02120946863572419
 0.6425662271997158
 0.2029077553306763
 0.4878099333806495
 0.182868513447377
 0.7053391795445264
 0.3865621600065762
 0.1441018233256923
 0.1736247399883669
 0.9458841044999479
 0.3536825104172122
 0.4359359499097165
 0.06893331345681046
 0.6350678510655274
 0.6914925641497209
 0.9372257895914131
 0.7181661967731098
 0.2972156054419233
 0.8043838054435284
 0.8437257180203751
 0.1895949734610827
 0.8925314886219385
 0.6773203060983471
 0.6946293948577973
 0.9235266918500366
 0.8057108435729528
 0.5968883650520636
 0.552791384747726
 0.402422651254297
 0.3320537988121662
 0.2804949316387155
 0.3051068686636925
 0.8095422354534956
 0.8803205711296561
 0.05446225279425147
 0.6081458709230642
 0.01248569972217011
 0.6965300175643244
 0.7701957975450808
 0.2660361441216428
 0.9062410964596392
 0.9970830641301736
 0.6156322066680556
 0.004765572057215439
 0.2650284285955498
 0.3888186648542447
 0.4195559180711184
 0.6509617068050763
 0.38453910549417
 0.9072712685059034
 0.4136447382765121
 0.1685207172113573
 0.2729561606115472
 0.2365609398550785
 0.7151154839734296
 0.3214682935724937
 0.3213444934683532
 0.1809288475805728
 0.0623475172733317
 0.3610975983418132
 0.9445894680931342
 0.6102560799907466
 0.5632561323091783
 0.6970592524210736
 0.7948877845939621
 0.2855285713612766
 0.5116553151691465
 0.4621620203248318
 0.6834846916080201
 0.397382637927765
 0.742159106949106
 0.1613259685798797
 0.07945069974006473
 0.7678859073756044
 0.7098116444687053
 0.9808328148977936
 0.7262190189897516
 0.8203504084003264
 0.8749392222102736
 0.109464967276574
 0.5126921105848506
 0.3661222598296436
 0.6216048872239992
 0.2782418150876296
 0.1337518616541759
 0.9563478282138763
 0.06252385645686891
 0.2420436405407493
 0.7831330707616755
 0.3746298195702069
 0.5365183878944012
 0.6279444851866186
 0.6077312405398543
 0.9941605763932896
 0.6197974390249075
 0.4085511423724342
 0.03335779342719207
 0.7423886467867626
 0.6386969645769829
 0.8130742091952639
 0.4269923289661551
 0.6691975948093642
 0.1870417587120531
 0.4986866276025785
 0.05242156398847224
 0.9899724754911435
 0.8394985986567527
 0.7155485715697136
 0.2616475017098065
 0.434768416221821
 0.7104336925559469
 0.787124438286805
 0.1966282707283822
 0.9156122569133298
 0.111008283575141
 0.02305339042566472
 0.1419927601072661
 0.5991114894170115
 0.2096632426961229
 0.6291383231970343
 0.4681319912598297
 0.9071339706234747
 0.8149030296303278
 0.3656955139295494
 0.3747525307819164
 0.690205765793957
 0.3354518303336007
 0.8022935491952006
 0.6753449924083833
 0.2455926900398502
 0.6586600439344281
 0.2453588327382014
 0.2499116460813952
 0.7890260891338196
 0.4804076604090817
 0.06240035466788278
 0.576699447692294
 0.3376668001028592
 0.7510711763219727
 0.1127885439316318
 0.850150750066255
 0.2600880949117411


